time	distance
1997.32098142375	0
1997.41761401663	0
1997.51424660951	0
1997.61087920239	0
1997.70751179527	0
1997.80414438816	0
1997.90077698104	0
1997.99740957392	0
1998.0940421668	0
1998.19067475968	0
1998.28730735256	40.284429403534
1998.38393994544	97.0261756272607
1998.48057253833	146.28495205971
1998.57720513121	174.321468687597
1998.67383772409	205.633555290917
1998.77047031697	238.903276988066
1998.86710290985	271.209413248854
1998.96373550273	294.49676472398
1999.06036809561	331.561695302213
1999.15700068849	373.604967719919
1999.25363328137	425.756935371896
1999.35026587426	469.547955031543
1999.44689846714	515.507755189553
1999.54353106002	560.218746624585
1999.6401636529	607.626737801813
1999.73679624578	648.953936644417
1999.83342883866	703.585985035624
1999.93006143154	761.14078130031
2000.02669402443	809.82393924039
2000.12332661731	858.412308451949
2000.21995921019	908.108448549244
2000.31659180307	971.515295283832
2000.41322439595	1048.86571980954
2000.50985698883	1098.87961526026
2000.60648958171	1157.74275859042
2000.70312217459	1225.46245584603
2000.79975476747	1292.45770946309
2000.89638736036	1399.11309049627
2000.99301995324	1559.19513068064
2001.08965254612	1712.86336581686
2001.186285139	1978.06760783736
2001.28291773188	2326.15411827127
2001.37955032476	2662.53362258781
2001.47618291764	3011.68830975227
2001.57281551053	3382.12801871798
2001.66944810341	3763.66900007699
2001.76608069629	3816.47295251628
2001.86271328917	3853.37971225926
2001.95934588205	3905.2873191846
2002.05597847493	4016.87509452522
2002.15261106781	4160.68215593052
2002.24924366069	4401.65427428972
2002.34587625357	4673.27566796253
2002.44250884646	4964.77580262369
2002.53914143934	5336.84078474751
2002.63577403222	5877.80720119166
2002.7324066251	6609.1639567628
2002.82903921798	7326.10246898245
2002.92567181086	8065.97714006257
2003.02230440374	8065.97714006257
2003.11893699663	8065.97714006257
2003.21556958951	8065.97714006257
2003.31220218239	8065.97714006257
2003.40883477527	8065.97714006257
2003.50546736815	8065.97714006257
2003.60209996103	8065.97714006257
2003.69873255391	8065.97714006257
2003.79536514679	8065.97714006257
2003.89199773967	8065.97714006257
2003.98863033256	8065.97714006257
2004.08526292544	8065.97714006257
2004.18189551832	8065.97714006257
2004.2785281112	8069.28313343275
2004.37516070408	8069.28313343275
2004.47179329696	8087.81822072617
2004.56842588984	8092.70321608705
2004.66505848273	8097.44050017559
2004.76169107561	8128.4545157544
2004.85832366849	8201.63466107211
2004.95495626137	8237.77095371399
2005.05158885425	8238.7731093806
2005.14822144713	8248.68046990215
2005.24485404001	8248.68046990215
2005.34148663289	8298.87568178206
2005.43811922577	8381.22794117515
2005.53475181866	8422.51602707248
2005.63138441154	8517.48134662914
2005.72801700442	8602.47633484877
2005.8246495973	8602.47633484877
2005.92128219018	8602.47633484877
2006.01791478306	8602.47633484877
2006.11454737594	8602.47633484877
2006.21117996883	8602.47633484877
2006.30781256171	8602.47633484877
2006.40444515459	8602.47633484877
2006.50107774747	8602.47633484877
2006.59771034035	8616.70552629966
2006.69434293323	8616.70552629966
2006.79097552611	8616.70552629966
2006.88760811899	8616.70552629966
2006.98424071187	8616.70552629966
2007.08087330476	8618.15100191823
2007.17750589764	8633.78914597276
2007.27413849052	8633.78914597276
2007.3707710834	8688.89480097083
2007.46740367628	8688.89480097083
2007.56403626916	8727.617359981
2007.66066886204	8727.617359981
2007.75730145493	8727.617359981
2007.85393404781	8744.32890764915
2007.95056664069	8806.12306481042
2008.04719923357	8808.77105774576
2008.14383182645	8808.77105774576
2008.24046441933	8832.43232572047
2008.33709701221	8908.70200966731
2008.43372960509	8958.55927326404
2008.53036219798	9080.16925829402
2008.62699479086	9126.37082933686
2008.72362738374	9216.22831780672
2008.82025997662	9266.13098214235
2008.9168925695	9424.21219399904
2009.01352516238	9523.48222484438
2009.11015775526	9636.30050657061
2009.20679034814	9689.42073100714
2009.30342294103	9815.96232128381
2009.40005553391	9853.60577970042
2009.49668812679	9883.56055114528
2009.59332071967	9883.56055114528
2009.68995331255	9883.56055114528
2009.78658590543	9883.56055114528
2009.88321849831	9895.34303836816
2009.97985109119	9927.60726127349
2010.07648368408	10004.4568025219
2010.17311627696	10060.1088544728
2010.26974886984	10257.3100658971
2010.36638146272	10494.4795801496
2010.4630140556	10711.9252508507
2010.55964664848	11012.3502125862
2010.65627924136	11270.5166589862
2010.75291183424	11581.2481638025
2010.84954442713	11920.4392776688
2010.94617702001	12248.4754225654
2011.04280961289	12574.3337734729
2011.13944220577	12915.9026293767
2011.23607479865	13248.9691775659
2011.33270739153	13568.7510266818
2011.42933998441	13894.4900775429
2011.52597257729	14196.2927364278
2011.62260517018	14474.5836438883
2011.71923776306	14774.5770843702
2011.81587035594	15101.6425272237
2011.91250294882	15405.5723669732
2012.0091355417	15671.0429909141
2012.10576813458	15926.6848817069
2012.20240072746	16171.283043075
2012.29903332034	16414.2998030127
2012.39566591323	16664.8681230758
2012.49229850611	16664.8681230758
2012.58893109899	16664.8681230758
2012.68556369187	16664.8681230758
2012.78219628475	16664.8681230758
2012.87882887763	16664.8681230758
2012.97546147051	16664.8681230758
2013.07209406339	16664.8681230758
2013.16872665628	16664.8681230758
2013.26535924916	16664.8681230758
2013.36199184204	16664.8681230758
2013.45862443492	16664.8681230758
2013.5552570278	16664.8681230758
2013.65188962068	16664.8681230758
2013.74852221356	16664.8681230758
2013.84515480644	16664.8681230758
2013.94178739932	16664.8681230758
2014.03841999221	16664.8681230758
2014.13505258509	16664.8681230758
2014.23168517797	16664.8681230758
2014.32831777085	16664.8681230758
2014.42495036373	16664.8681230758
2014.52158295661	16664.8681230758
2014.61821554949	16664.8681230758
2014.71484814238	16664.8681230758
2014.81148073526	16664.8681230758
2014.90811332814	16664.8681230758
2015.00474592102	16664.8681230758
2015.1013785139	16664.8681230758
2015.19801110678	16664.8681230758
2015.29464369966	16664.8681230758
2015.39127629254	16664.8681230758
2015.48790888542	16664.8681230758
2015.58454147831	16664.8681230758
2015.68117407119	16664.8681230758
2015.77780666407	16664.8681230758
2015.87443925695	16664.8681230758
2015.97107184983	16664.8681230758
2016.06770444271	16664.8681230758
2016.16433703559	16664.8681230758
2016.26096962848	16664.8681230758
2016.35760222136	16664.8681230758
2016.45423481424	16664.8681230758
2016.55086740712	16664.8681230758
2016.6475	16664.8681230758
