time	velocity	number_of_branches
1998.34315696912	232.197390048142	0
1998.43490806201	207.392431847761	0
1998.5266591549	231.894880274673	0
1998.61841024778	247.151365861286	0
1998.71016134067	239.572879261601	0
1998.80191243356	240.793504900684	4
1998.89366352644	268.169790465479	14
1998.98541461933	247.595995085553	18
1999.07716571222	241.532228417205	20
1999.1689168051	219.174009246688	24
1999.26066789799	199.826790159206	24
1999.35241899088	185.156051458505	26
1999.44417008376	182.340834294666	28
1999.53592117665	178.560316010845	26
1999.62767226954	173.706669966616	27
1999.71942336242	171.446971401646	28
1999.81117445531	173.633839989346	28
1999.9029255482	174.328883511094	24
1999.99467664108	165.348338135321	21
2000.08642773397	169.059261666241	17.5
2000.17817882686	191.511199513158	18
2000.26992991974	195.7032167828	20
2000.36168101263	229.385516853454	26
2000.45343210552	255.755172822426	31
2000.5451831984	267.119870473037	38
2000.63693429129	276.635557351303	49
2000.72868538417	292.463556109558	51.5
2000.82043647706	307.065115269849	52
2000.91218756995	327.908900474755	52
2001.00393866283	332.692338691283	55
2001.09568975572	349.398506551622	64
2001.18744084861	376.952504769574	73
2001.27919194149	417.969064548947	151
2001.37094303438	439.483203498904	194
2001.46269412727	449.415384447028	220.5
2001.55444522015	472.43281905225	266.5
2001.64619631304	474.193132226417	351.5
2001.73794740593	461.845392459737	360
2001.82969849881	454.436264535237	359.5
2001.9214495917	450.114463579596	361
2002.01320068459	447.174148887195	359.5
2002.10495177747	445.597556318408	360
2002.19670287036	438.616415063242	351.5
2002.28845396325	455.30515123954	319
2002.38020505613	461.874623617383	287.5
2002.47195614902	478.417781969049	295
2002.56370724191	510.162381843093	266
2002.65545833479	609.5332930978	197.5
2002.74720942768	628.394666634384	190.5
2002.83896052057	612.938582468044	189
2002.93071161345	583.936829035836	187
2003.02246270634	545.804101881729	189
2003.11421379923	500.110190659913	196
2003.20596489211	416.538960471045	225
2003.297715985	404.422284360803	280
2003.38946707789	416.436224053701	272.5
2003.48121817077	468.329729327215	247.5
2003.57296926366	475.661374171925	230
2003.66472035655	467.376296198488	222
2003.75647144943	456.019327850012	223
2003.84822254232	446.392922622371	222.5
2003.93997363521	432.076601433438	222
2004.03172472809	433.408395119446	220.5
2004.12347582098	428.770515024438	223.5
2004.21522691387	415.764122679429	186
2004.30697800675	423.195815320217	139
2004.39872909964	410.428294486276	145.5
2004.49048019253	411.654999620928	135
2004.58223128541	391.303497754048	146
2004.6739823783	377.475147170436	147
2004.76573347119	360.936550373289	147
2004.85748456407	332.034658266068	149
2004.94923565696	289.229588238544	153
2005.04098674985	243.003947641995	155
2005.13273784273	243.066923443875	132
2005.22448893562	248.860125117494	116
2005.3162400285	243.293066269184	102
2005.40799112139	242.046018607133	93
2005.49974221428	231.224512762466	87
2005.59149330716	224.788855171334	108
2005.68324440005	236.480138482816	119
2005.77499549294	233.188127267332	125
2005.86674658582	232.875841389993	122.5
2005.95849767871	230.4254753242	120
2006.0502487716	215.867066601262	121
2006.14199986448	208.681855446216	116
2006.23375095737	225.3966822367	112.5
2006.32550205026	221.912676965941	114
2006.41725314314	228.503548749523	109
2006.50900423603	239.278760197942	105
2006.60075532892	264.696418073748	88
2006.6925064218	272.892952784031	80
2006.78425751469	266.207916681882	75.5
2006.87600860758	272.141871290327	73
2006.96775970046	257.170974365602	71
2007.05951079335	204.978024723689	64
2007.15126188624	144.475509848545	62
2007.24301297912	131.423979105473	52
2007.33476407201	138.807162219531	49
2007.4265151649	138.230816312104	51
2007.51826625778	169.679760121723	51
2007.61001735067	175.287207318848	52
2007.70176844356	175.518214998178	52
2007.79351953644	177.886003215289	58
2007.88527062933	172.945555482024	71.5
2007.97702172222	177.091408359842	80
2008.0687728151	204.572521428274	84
2008.16052390799	175.399040781317	79
2008.25227500088	178.432885926957	83
2008.34402609376	186.031626612658	94
2008.43577718665	195.342628337296	94
2008.52752827954	219.274863689075	97
2008.61927937242	228.530672970719	97
2008.71103046531	242.520460579581	94
2008.8027815582	265.551865539643	91
2008.89453265108	286.418415128605	79
2008.98628374397	278.720555000843	73.5
2009.07803483686	253.451469080989	61
2009.16978592974	241.063290021473	54
2009.26153702263	222.456873799919	50
2009.35328811552	231.581928213481	37.5
2009.4450392084	222.823672381679	34
2009.53679030129	292.29286843747	30
2009.62854139418	290.203245798882	30
2009.72029248706	276.545556011027	34
2009.81204357995	264.591697635807	36
2009.90379467283	250.836716823834	43
2009.99554576572	232.887822473199	50.5
2010.08729685861	197.842158558365	51
2010.17904795149	167.286125033425	60
2010.27079904438	155.865621032484	62
2010.36255013727	151.556628078744	67.5
2010.45430123015	152.56326249047	75
2010.54605232304	154.766321646137	75
2010.63780341593	160.407056926352	77
2010.72955450881	166.08963966854	76
2010.8213056017	174.237326477368	76
2010.91305669459	181.148180552089	74
2011.00480778747	193.639739274886	76.5
2011.09655888036	261.706850095732	79.5
2011.18830997325	247.792409622756	67
2011.28006106613	268.097861432179	65.5
2011.37181215902	303.4561062036	65
2011.46356325191	322.188770360224	70.5
2011.55531434479	304.032977389433	80
2011.64706543768	315.797518282546	83.5
2011.73881653057	332.306774990617	89
2011.83056762345	344.345075016953	89
2011.92231871634	364.835556823899	88.5
2012.01406980923	378.868040846998	85
2012.10582090211	392.300374761376	83
2012.197571995	352.357697432313	81.5
2012.28932308789	316.558448151946	79
2012.38107418077	285.244108190186	76
2012.47282527366	212.721868488655	68
2012.56457636655	222.434340798836	55.5
2012.65632745943	225.240231853646	46.5
2012.74807855232	247.662099939706	40
2012.83982964521	297.530742062482	36
2012.93158073809	539.028012577092	36
2013.02333183098	925.04379476473	42
2013.11508292387	708.10543054303	48.5
2013.20683401675	626.544392681307	44
2013.29858510964	653.775636301411	44
2013.39033620253	650.981235502422	43
2013.48208729541	665.814351405027	42
2013.5738383883	662.91708414753	40
2013.66558948119	657.268341451232	40
2013.75734057407	638.397991455903	40
2013.84909166696	581.914072232425	39
2013.94084275985	515.446149592495	36
2014.03259385273	232.361524922854	28
2014.12434494562	76.6546798042858	18
2014.21609603851	89.457596856343	20
2014.30784713139	79.9497493802925	20
2014.39959822428	79.997660442319	20
2014.49134931717	80.0492357032664	20
2014.58310041005	80.1064735481821	20
2014.67485150294	80.1730143107332	20
2014.76660259582	80.1688287494253	20
2014.85835368871	79.8612030066469	20
2014.9501047816	81.6934210551488	21
2015.04185587448	80.3504979621209	18
2015.13360696737	67.803722871203	9
2015.22535806026	142.887728649829	5
2015.31710915314	144.52905217106	3
2015.40886024603	145.460890465665	3
2015.50061133892	146.697530157117	3
2015.5923624318	148.403152639041	3
2015.68411352469	150.097885579786	3
2015.77586461758	153.552180627494	3
2015.86761571046	160.424438079933	3
2015.95936680335	293.392430273069	3
2016.05111789624	308.760896306502	3
2016.14286898912	166.63465981063	5
2016.23462008201	123.080834341763	4
2016.3263711749	121.279835215709	4
2016.41812226778	118.968965064587	4
2016.50987336067	115.855009261771	4
2016.60162445356	111.173469408586	4
