time	95%HPD_lower_value	95%HPD_higher_value
1999.65704213177	NA	NA
1999.74199442111	0	0
1999.82694671045	0	0
1999.91189899979	0	7.13635294507416
1999.99685128913	0	29.5774541910149
2000.08180357848	0	77.6824788314149
2000.16675586782	0	106.923181396835
2000.25170815716	0	146.599329614112
2000.3366604465	0	180.537168477233
2000.42161273584	0	217.43329565946
2000.50656502518	0	321.288313206101
2000.59151731452	0	321.288313206101
2000.67646960386	0	333.948791380863
2000.7614218932	0	333.948791380863
2000.84637418255	0	336.661919060236
2000.93132647189	0	412.159406077513
2001.01627876123	40.2723260805464	442.369116912547
2001.10123105057	54.3540133514095	444.12297576423
2001.18618333991	82.4980901033902	445.876736942382
2001.27113562925	106.149482394996	526.987962463629
2001.35608791859	117.062255016965	605.567560856215
2001.44104020793	126.359316873043	654.247140318295
2001.52599249728	151.184824449101	703.931068694195
2001.61094478662	166.768013418651	703.931068694195
2001.69589707596	190.280752775346	760.664537649719
2001.7808493653	204.855887854797	906.075762277673
2001.86580165464	237.258553202789	1051.32282889185
2001.95075394398	260.723216524811	1212.8193564883
2002.03570623332	284.17152242712	1333.83336994774
2002.12065852266	331.035053041674	1473.46841342111
2002.205610812	349.158670819173	1506.34370516871
2002.29056310135	432.034970071417	1675.53657204959
2002.37551539069	485.135297178769	1698.67088258775
2002.46046768003	539.559834346836	1730.31673477804
2002.54541996937	620.119097902199	1773.45872984931
2002.63037225871	680.201143712497	1802.06690873678
2002.71532454805	740.327167493802	1818.5454966189
2002.80027683739	800.488317164807	1835.12196233575
2002.88522912673	860.678191601846	1851.79404249649
2002.97018141607	928.466721584461	1868.55953709694
2003.05513370542	1012.35799847276	1892.78944404958
2003.14008599476	1046.14773817261	1863.27903145558
2003.2250382841	1162.06546346032	1965.4333100308
2003.30999057344	1219.81600883008	1965.49310483251
2003.39494286278	1281.31983164615	1989.67492861874
2003.47989515212	1350.20145694166	2031.55510490645
2003.56484744146	1429.3108390552	2250.7526819179
2003.6497997308	1500.70498586924	2540.44939463715
2003.73475202015	1619.95341031273	2836.21750168593
2003.81970430949	1726.47759493099	3136.78748981458
2003.90465659883	1828.24471017188	3422.92554524755
2003.98960888817	2000.06334140819	3742.04910971378
2004.07456117751	2458.14660078291	4177.11204021553
2004.15951346685	2816.20093828493	4480.26927744901
2004.24446575619	3176.73957616685	4784.2903153997
2004.32941804553	3539.49309535276	5089.0510981533
2004.41437033487	3904.20815346454	5394.42586628654
2004.49932262422	4270.64047325534	5700.2865989488
2004.58427491356	4638.55047507507	6006.50240670242
2004.6692272029	5007.70018722658	6312.93886758443
2004.75417949224	5377.85078052476	6619.45729785256
2004.83913178158	5748.76038628766	6925.91394767656
2004.92408407092	6120.18200321193	7232.15911065753
2005.00903636026	6491.86136959532	7538.03613442532
2005.0939886496	6863.53471214771	7844.80504145305
2005.17894093894	7234.9262986082	8156.3843329271
2005.26389322829	7605.745726989	8467.35318087107
2005.34884551763	7975.68488361106	8777.5110739364
2005.43379780697	8344.41449732875	9086.64430677831
2005.51875009631	8711.58020969891	9394.52387727242
2005.60370238565	9076.79807103951	9700.90311298766
2005.68865467499	9439.64936119477	10007.184003384
2005.77360696433	9799.67462217843	10312.4929030197
2005.85855925367	10156.0266196511	10614.7265661612
2005.94351154302	10485.4700018278	10913.477443305
2006.02846383236	10808.0488990098	11208.2957504069
2006.1134161217	11071.9892438279	11423.3882077584
2006.19836841104	11431.0366665267	11717.5884477729
2006.28332070038	11431.0366665267	11717.5884477729
2006.36827298972	11431.0366665267	11717.5884477729
2006.45322527906	11431.0366665267	11717.5884477729
2006.5381775684	11431.0366665267	11717.5884477729
2006.62312985774	11431.0366665267	11717.5884477729
2006.70808214709	11431.0366665267	11717.5884477729
2006.79303443643	11431.0366665267	11717.5884477729
2006.87798672577	11431.0366665267	11717.5884477729
2006.96293901511	11431.0366665267	11717.5884477729
2007.04789130445	11431.0366665267	11717.5884477729
2007.13284359379	11431.0366665267	11717.5884477729
2007.21779588313	11431.0366665267	11717.5884477729
2007.30274817247	11431.0366665267	11717.5884477729
2007.38770046181	11431.0366665267	11717.5884477729
2007.47265275116	11431.0366665267	11717.5884477729
2007.5576050405	11431.0366665267	11717.5884477729
2007.64255732984	11431.0366665267	11717.5884477729
2007.72750961918	11431.0366665267	11717.5884477729
2007.81246190852	11431.0366665267	11717.5884477729
2007.89741419786	11431.0366665267	11717.5884477729
2007.9823664872	11431.0366665267	11717.5884477729
2008.06731877654	11431.0366665267	11717.5884477729
2008.15227106589	11431.0366665267	11717.5884477729
2008.23722335523	11431.0366665267	11717.5884477729
2008.32217564457	11431.0366665267	11717.5884477729
2008.40712793391	11431.0366665267	11717.5884477729
2008.49208022325	11431.0366665267	11717.5884477729
2008.57703251259	11431.0366665267	11717.5884477729
2008.66198480193	11431.0366665267	11717.5884477729
2008.74693709127	11431.0366665267	11717.5884477729
2008.83188938061	11431.0366665267	11717.5884477729
2008.91684166996	11431.0366665267	11717.5884477729
2009.0017939593	11431.0366665267	11717.5884477729
2009.08674624864	11431.0366665267	11717.5884477729
2009.17169853798	11431.0366665267	11717.5884477729
2009.25665082732	11431.0366665267	11717.5884477729
2009.34160311666	11431.0366665267	11717.5884477729
2009.426555406	11431.0366665267	11717.5884477729
2009.51150769534	11431.0366665267	11717.5884477729
2009.59645998468	11431.0366665267	11717.5884477729
2009.68141227403	11431.0366665267	11717.5884477729
2009.76636456337	11431.0366665267	11717.5884477729
2009.85131685271	11431.0366665267	11717.5884477729
2009.93626914205	11431.0366665267	11717.5884477729
2010.02122143139	11431.0366665267	11717.5884477729
2010.10617372073	11431.0366665267	11717.5884477729
2010.19112601007	11431.0366665267	11717.5884477729
2010.27607829941	11431.0366665267	11717.5884477729
2010.36103058875	11431.0366665267	11717.5884477729
2010.4459828781	11431.0366665267	11717.5884477729
2010.53093516744	11431.0366665267	11717.5884477729
2010.61588745678	11431.0366665267	11717.5884477729
2010.70083974612	11431.0366665267	11717.5884477729
2010.78579203546	11431.0366665267	11717.5884477729
2010.8707443248	11431.0366665267	11717.5884477729
2010.95569661414	11431.0366665267	11717.5884477729
2011.04064890348	11431.0366665267	11717.5884477729
2011.12560119283	11431.0366665267	11717.5884477729
2011.21055348217	11431.0366665267	11717.5884477729
2011.29550577151	11431.0366665267	11717.5884477729
2011.38045806085	11431.0366665267	11717.5884477729
2011.46541035019	11431.0366665267	11717.5884477729
2011.55036263953	11431.0366665267	11717.5884477729
2011.63531492887	11431.0366665267	11717.5884477729
2011.72026721821	11431.0366665267	11717.5884477729
2011.80521950755	11431.0366665267	11717.5884477729
2011.8901717969	11431.0366665267	11717.5884477729
2011.97512408624	11431.0366665267	11717.5884477729
2012.06007637558	11431.0366665267	11717.5884477729
2012.14502866492	11431.0366665267	11717.5884477729
2012.22998095426	11431.0366665267	11717.5884477729
2012.3149332436	11431.0366665267	11717.5884477729
2012.39988553294	11431.0366665267	11717.5884477729
2012.48483782228	11431.0366665267	11717.5884477729
2012.56979011162	11431.0366665267	11717.5884477729
2012.65474240097	11431.0366665267	11717.5884477729
2012.73969469031	11431.0366665267	11717.5884477729
2012.82464697965	11431.0366665267	11717.5884477729
2012.90959926899	11431.0366665267	11717.5884477729
2012.99455155833	11431.0366665267	11717.5884477729
2013.07950384767	11431.0366665267	11717.5884477729
2013.16445613701	11431.0366665267	11717.5884477729
2013.24940842635	11431.0366665267	11717.5884477729
2013.3343607157	11431.0366665267	11717.5884477729
2013.41931300504	11431.0366665267	11717.5884477729
2013.50426529438	11431.0366665267	11717.5884477729
2013.58921758372	11431.0366665267	11717.5884477729
2013.67416987306	11431.0366665267	11717.5884477729
2013.7591221624	11431.0366665267	11717.5884477729
2013.84407445174	11431.0366665267	11717.5884477729
2013.92902674108	11431.0366665267	11717.5884477729
2014.01397903042	11431.0366665267	11717.5884477729
2014.09893131977	11431.0366665267	11717.5884477729
2014.18388360911	11431.0366665267	11717.5884477729
2014.26883589845	11431.0366665267	11717.5884477729
2014.35378818779	11431.0366665267	11717.5884477729
2014.43874047713	11431.0366665267	11717.5884477729
2014.52369276647	11431.0366665267	11717.5884477729
2014.60864505581	11431.0366665267	11717.5884477729
2014.69359734515	11431.0366665267	11717.5884477729
2014.77854963449	11431.0366665267	11717.5884477729
2014.86350192384	11431.0366665267	11717.5884477729
2014.94845421318	11431.0366665267	11717.5884477729
2015.03340650252	11431.0366665267	11717.5884477729
2015.11835879186	11431.0366665267	11717.5884477729
2015.2033110812	11431.0366665267	11717.5884477729
2015.28826337054	11431.0366665267	11717.5884477729
2015.37321565988	11431.0366665267	11717.5884477729
2015.45816794922	11431.0366665267	11717.5884477729
2015.54312023857	11431.0366665267	11717.5884477729
2015.62807252791	11431.0366665267	11717.5884477729
2015.71302481725	11431.0366665267	11717.5884477729
2015.79797710659	11431.0366665267	11717.5884477729
2015.88292939593	11431.0366665267	11717.5884477729
2015.96788168527	11431.0366665267	11717.5884477729
2016.05283397461	11431.0366665267	11717.5884477729
2016.13778626395	11431.0366665267	11717.5884477729
2016.22273855329	11431.0366665267	11717.5884477729
2016.30769084264	11431.0366665267	11717.5884477729
2016.39264313198	11431.0366665267	11717.5884477729
2016.47759542132	11431.0366665267	11717.5884477729
2016.56254771066	11431.0366665267	11717.5884477729
2016.6475	11431.0366665267	11717.5884477729
