time	velocity	number_of_branches
1997.36929772009	181.338306715857	0.7
1997.46593031297	200.652982782883	0.82
1997.56256290585	345.815874222617	1.64
1997.65919549874	453.527181574731	3.16
1997.75582809162	520.589891473984	5.22
1997.8524606845	588.018577636697	11.48
1997.94909327738	607.012955381028	17.21
1998.04572587026	613.627821008317	22.89
1998.14235846314	582.199300003548	26.84
1998.23899105603	589.88762401629	29.92
1998.33562364891	593.287845007205	31.86
1998.43225624179	585.538497544769	32.72
1998.52888883467	571.98635737916	34.04
1998.62552142755	553.194815321259	35.08
1998.72215402044	515.044800532886	36.08
1998.81878661332	456.909032642711	33.72
1998.9154192062	391.227103329244	30.99
1999.01205179908	339.943891736891	27.65
1999.10868439196	315.032263966729	24.89
1999.20531698484	300.116363966936	26.65
1999.30194957773	256.640775910687	30.33
1999.39858217061	293.311850650356	38.13
1999.49521476349	319.767211071763	45.39
1999.59184735637	354.6984889714	51.53
1999.68847994925	370.701506248631	57.29
1999.78511254213	381.779824821561	62.11
1999.88174513502	388.590138994101	65.5
1999.9783777279	390.218087801325	67.49
2000.07501032078	399.79594243592	74.23
2000.17164291366	416.898860749446	84.72
2000.26827550654	691.089535886803	123.18
2000.36490809943	818.500383342297	207.87
2000.46154069231	802.462783887242	277.35
2000.55817328519	795.905239241338	336.3
2000.65480587807	780.319064235486	431.74
2000.75143847095	757.054850652163	464.35
2000.84807106383	752.624111603484	470.15
2000.94470365672	750.87568251972	472.39
2001.0413362496	751.558018748775	472.92
2001.13796884248	756.214490308298	471.45
2001.23460143536	773.31985825384	465.78
2001.33123402824	716.006927678274	433.71
2001.42786662112	680.421421986409	416.82
2001.52449921401	695.304892629231	410.55
2001.62113180689	696.669554342889	354.53
2001.71776439977	704.587051081541	312.88
2001.81439699265	714.303436576642	304.57
2001.91102958553	721.486571953223	301.26
2002.00766217841	726.497467112614	299.39
2002.1042947713	720.804604687556	301.83
2002.20092736418	676.603855459909	318.37
2002.29755995706	697.133904748192	409.87
2002.39419254994	705.564172367546	408.6
2002.49082514282	708.563615795243	367.96
2002.58745773571	696.435283010796	335.96
2002.68409032859	704.255842176535	318.08
2002.78072292147	709.202846600073	312.26
2002.87735551435	709.487822294427	311.12
2002.97398810723	709.119290466756	310.46
2003.07062070011	720.0715869619	313.12
2003.167253293	735.052443346451	313.72
2003.26388588588	773.690088479082	241.17
2003.36051847876	826.446133761417	200.54
2003.45715107164	824.048069134476	207.9
2003.55378366452	591.913117374465	187.84
2003.6504162574	582.346210886419	189.05
2003.74704885029	577.871841948711	190.64
2003.84368144317	575.560985845325	191.66
2003.94031403605	555.328903739733	200.79
2004.03694662893	502.085112018572	199.41
2004.13357922181	452.887837509747	176.39
2004.2302118147	475.769961661659	160.61
2004.32684440758	471.310343162532	136.82
2004.42347700046	483.005017353376	126.33
2004.52010959334	241.734383158592	115.72
2004.61674218622	307.34088734763	146.2
2004.7133747791	347.178539168127	164.53
2004.81000737199	354.511241325482	173.29
2004.90663996487	376.304880395331	170.53
2005.00327255775	385.682535220308	164.31
2005.09990515063	385.346968098806	158.41
2005.19653774351	375.190701834477	161.57
2005.29317033639	373.369245759342	159.9
2005.38980292928	375.63050859019	160.09
2005.48643552216	378.950187857588	156.2
2005.58306811504	369.974774818189	140.84
2005.67970070792	354.202911532888	121.25
2005.7763333008	355.797004751692	113.73
2005.87296589368	367.584576843862	111.84
2005.96959848657	257.706540999694	110.34
2006.06623107945	282.907905371158	104.76
2006.16286367233	385.302208649884	104.92
2006.25949626521	384.6085510986	89.88
2006.35612885809	408.87008696008	84.84
2006.45276145098	428.322886924828	85.44
2006.54939404386	488.406585249628	86.5
2006.64602663674	485.307617409502	88.49
2006.74265922962	494.038917939115	92.18
2006.8392918225	478.798801192542	101.63
2006.93592441538	479.504982575923	114.45
2007.03255700827	470.939195702187	124.53
2007.12918960115	529.0615435098	128.18
2007.22582219403	468.967339634816	124.36
2007.32245478691	452.356332177717	135.94
2007.41908737979	446.810280607851	146.74
2007.51571997267	393.053536650281	150.24
2007.61235256556	392.236699968462	151.31
2007.70898515844	392.900227039956	146.36
2007.80561775132	390.873384877228	139.49
2007.9022503442	387.687500511236	129.96
2007.99888293708	387.289766271284	119.82
2008.09551552997	310.73622467171	107.44
2008.19214812285	239.505512597398	91.66
2008.28878071573	226.362194843461	76.94
2008.38541330861	207.153319079636	61.77
2008.48204590149	193.395088913131	54.65
2008.57867849437	236.915858907405	51.15
2008.67531108726	263.219600427255	53.05
2008.77194368014	263.981233478224	59.83
2008.86857627302	279.167403204183	63.61
2008.9652088659	293.138227671567	71.82
2009.06184145878	315.818276356709	71.04
2009.15847405166	335.366796570425	66.63
2009.25510664455	331.464122361959	75.89
2009.35173923743	353.389799424938	81.83
2009.44837183031	372.709312726993	89.46
2009.54500442319	344.794075686428	92.17
2009.64163701607	349.918870554677	94.24
2009.73826960895	342.354054963867	90.6
2009.83490220184	334.113487704302	90.42
2009.93153479472	341.324313705615	91.41
2010.0281673876	346.172884597836	94.38
2010.12479998048	369.601356030729	98.97
2010.22143257336	405.794210896376	86.28
2010.31806516625	402.760135875768	90.05
2010.41469775913	392.645773010685	92.99
2010.51133035201	383.023690791346	94.29
2010.60796294489	363.414752521485	106.92
2010.70459553777	360.453952650228	115.27
2010.80122813065	352.381534128022	120.73
2010.89786072354	337.905249348637	118.43
2010.99449331642	334.395148280572	116.73
2011.0911259093	319.355642241646	115.56
2011.18775850218	283.185290103814	110.27
2011.28439109506	255.639746032635	103.14
2011.38102368794	235.6898316186	94.7
2011.47765628083	223.44160315229	87.58
2011.57428887371	205.033800583138	73.33
2011.67092146659	180.115029392223	59.92
2011.76755405947	162.946518674744	51.09
2011.86418665235	166.253166997367	46.3
2011.96081924524	216.91967113087	46.94
2012.05745183812	367.395249806765	57.95
2012.154084431	351.490455734274	66.39
2012.25071702388	358.96681616864	64.56
2012.34734961676	368.920564530942	62.34
2012.44398220964	372.552585077869	61.03
2012.54061480253	376.714026980615	59.92
2012.63724739541	379.870515027961	59.19
2012.73387998829	382.44130832512	58.62
2012.83051258117	385.042563532013	58.11
2012.92714517405	395.257902168819	55.42
2013.02377776693	215.287031997751	42.08
2013.12041035982	190.599710001454	30
2013.2170429527	73.7433994940348	19
2013.31367554558	62.5119076643496	20
2013.41030813846	62.5078955723133	20
2013.50694073134	62.5038573243548	20
2013.60357332422	62.4997929088177	20
2013.70020591711	62.4957023137903	20
2013.79683850999	62.4915855271766	20
2013.89347110287	62.4874425365813	20
2013.99010369575	58.7721181100865	22
2014.08673628863	68.8110645455195	16
2014.18336888152	53.878403597836	11.24
2014.2800014744	83.6937617094761	6.27
2014.37663406728	84.2150095891686	6.36
2014.47326666016	84.1583282806566	6.48
2014.56989925304	84.585003883136	6.63
2014.66653184592	85.7241900913954	6.69
2014.76316443881	88.8201389140435	6.99
2014.85979703169	93.8072639216835	7.41
2014.95642962457	122.60274969107	7.16
2015.05306221745	147.053250257506	7.88
2015.14969481033	133.23392117155	9.92
2015.24632740321	127.996076874251	6.92
2015.3429599961	128.113290719944	6.88
2015.43959258898	128.129536765274	6.85
2015.53622518186	128.100172512934	6.83
2015.63285777474	128.362664638729	6.77
2015.72949036762	128.832993462006	6.71
2015.8261229605	129.521923678497	6.64
2015.92275555339	132.205383266958	6.4
2016.01938814627	158.584749317194	5.08
2016.11602073915	138.257477015239	2
2016.21265333203	144.996749144449	1
2016.30928592491	144.978830251585	1
2016.4059185178	144.960884283659	1
2016.50255111068	144.942911227135	1
2016.59918370356	144.924911068444	1
