time	95%HPD_lower_value	95%HPD_higher_value
1997.51094213096	NA	NA
1997.60662492031	0	0
1997.70230770965	0	0
1997.797990499	0	28.6380238552913
1997.89367328834	0	58.2208398075175
1997.98935607769	0	87.9597306344683
1998.08503886703	0	105.714661583639
1998.18072165638	0	124.976000920553
1998.27640444572	0	163.519094617368
1998.37208723507	0	230.400250114973
1998.46777002441	0	260.703886777103
1998.56345281376	0	312.439026947004
1998.6591356031	0	371.801041196521
1998.75481839245	0	506.000182904684
1998.85050118179	83.0751111563558	651.810693531505
1998.94618397114	143.527154335917	761.32933208737
1999.04186676048	204.155897767599	904.745711434501
1999.13754954983	239.175671051528	1014.41695120063
1999.23323233917	311.8277404807	1162.7596919062
1999.32891512852	384.49182404658	1307.45527797333
1999.42459791786	457.05141832134	1461.96127832086
1999.52028070721	529.452431271802	1612.67055043697
1999.61596349655	601.665459106723	1754.73835724639
1999.7116462859	666.984211209489	1916.20563917408
1999.80732907524	666.984211209489	2068.99230615787
1999.90301186459	664.315391883563	2208.15343534691
1999.99869465394	778.280149738494	2360.56612432007
2000.09437744328	899.029949322873	2550.71845331918
2000.19006023263	1099.99436181842	2705.37205057324
2000.28574302197	1268.7901201221	2860.61260465006
2000.38142581132	1473.82601676324	3016.42234607507
2000.47710860066	1680.22263674777	3172.78378558772
2000.57279139001	1887.92903154823	3329.67970368662
2000.66847417935	2096.89554193112	3487.09314052763
2000.7641569687	2334.2434687663	3645.00738605543
2000.85983975804	2518.41622249829	3803.4059702948
2000.95552254739	2672.21057786557	4256.06339990406
2001.05120533673	2887.93868685793	4456.9226061755
2001.14688812608	3158.97259902995	4517.93289409788
2001.24257091542	3374.52026345555	5081.56838534199
2001.33825370477	3591.01099771827	5570.37920018103
2001.43393649411	3808.40329231474	6223.22519333538
2001.52961928346	4025.92840601841	6888.74290203624
2001.6253020728	4232.11425802099	7562.72445806052
2001.72098486215	4438.96976763011	8241.81911723505
2001.81666765149	4646.46308411157	8871.7886176292
2001.91235044084	4907.48976765117	9605.99847857551
2002.00803323018	5129.08560484592	9708.70623464236
2002.10371601953	5340.06644861714	9715.82191933532
2002.19939880887	5575.26463566713	9786.54227053714
2002.29508159822	5798.49076178055	9841.77209968137
2002.39076438757	6023.3046662708	9875.45923468374
2002.48644717691	6224.66392415769	9903.42932997134
2002.58212996626	6468.15920009881	9942.42518328179
2002.6778127556	7337.63551501358	10193.3474907215
2002.77349554495	8654.59099995179	10069.6011104832
2002.86917833429	9462.56184143056	10118.1721596152
2002.96486112364	9481.02676687019	10117.5845424318
2003.06054391298	9712.28393923881	10215.3529177944
2003.15622670233	9712.28393923881	10215.3529177944
2003.25190949167	9712.28393923881	10215.3529177944
2003.34759228102	9712.28393923881	10215.3529177944
2003.44327507036	9712.28393923881	10215.3529177944
2003.53895785971	9712.28393923881	10215.3529177944
2003.63464064905	9712.28393923881	10215.3529177944
2003.7303234384	9712.28393923881	10215.3529177944
2003.82600622774	9712.28393923881	10215.3529177944
2003.92168901709	9712.28393923881	10215.3529177944
2004.01737180643	9712.28393923881	10215.3529177944
2004.11305459578	9712.28393923881	10215.3529177944
2004.20873738512	9712.28393923881	10215.3529177944
2004.30442017447	9712.28393923881	10215.3529177944
2004.40010296381	9712.28393923881	10215.3529177944
2004.49578575316	9712.28393923881	10215.3529177944
2004.5914685425	9712.28393923881	10215.3529177944
2004.68715133185	9712.28393923881	10215.3529177944
2004.7828341212	9712.28393923881	10215.3529177944
2004.87851691054	9712.28393923881	10215.3529177944
2004.97419969989	9712.28393923881	10215.3529177944
2005.06988248923	9712.28393923881	10215.3529177944
2005.16556527858	9712.28393923881	10215.3529177944
2005.26124806792	9712.28393923881	10215.3529177944
2005.35693085727	9712.28393923881	10215.3529177944
2005.45261364661	9712.28393923881	10215.3529177944
2005.54829643596	9712.28393923881	10215.3529177944
2005.6439792253	9712.28393923881	10215.3529177944
2005.73966201465	9712.28393923881	10215.3529177944
2005.83534480399	9712.28393923881	10215.3529177944
2005.93102759334	9712.28393923881	10215.3529177944
2006.02671038268	9712.28393923881	10215.3529177944
2006.12239317203	9712.28393923881	10215.3529177944
2006.21807596137	9712.28393923881	10215.3529177944
2006.31375875072	9712.28393923881	10215.3529177944
2006.40944154006	9712.28393923881	10215.3529177944
2006.50512432941	9712.28393923881	10215.3529177944
2006.60080711875	9712.28393923881	10215.3529177944
2006.6964899081	9712.28393923881	10215.3529177944
2006.79217269744	9712.28393923881	10215.3529177944
2006.88785548679	9712.28393923881	10215.3529177944
2006.98353827613	9712.28393923881	10215.3529177944
2007.07922106548	9712.28393923881	10215.3529177944
2007.17490385483	9712.28393923881	10215.3529177944
2007.27058664417	9712.28393923881	10215.3529177944
2007.36626943352	9712.28393923881	10215.3529177944
2007.46195222286	9712.28393923881	10215.3529177944
2007.55763501221	9712.28393923881	10215.3529177944
2007.65331780155	9712.28393923881	10215.3529177944
2007.7490005909	9712.28393923881	10215.3529177944
2007.84468338024	9712.28393923881	10215.3529177944
2007.94036616959	9712.28393923881	10215.3529177944
2008.03604895893	9712.28393923881	10215.3529177944
2008.13173174828	9712.28393923881	10215.3529177944
2008.22741453762	9712.28393923881	10215.3529177944
2008.32309732697	9712.28393923881	10215.3529177944
2008.41878011631	9712.28393923881	10215.3529177944
2008.51446290566	9712.28393923881	10215.3529177944
2008.610145695	9712.28393923881	10215.3529177944
2008.70582848435	9712.28393923881	10215.3529177944
2008.80151127369	9712.28393923881	10215.3529177944
2008.89719406304	9712.28393923881	10215.3529177944
2008.99287685238	9712.28393923881	10215.3529177944
2009.08855964173	9712.28393923881	10215.3529177944
2009.18424243107	9712.28393923881	10215.3529177944
2009.27992522042	9712.28393923881	10215.3529177944
2009.37560800976	9712.28393923881	10215.3529177944
2009.47129079911	9712.28393923881	10215.3529177944
2009.56697358846	9712.28393923881	10215.3529177944
2009.6626563778	9712.28393923881	10215.3529177944
2009.75833916715	9712.28393923881	10215.3529177944
2009.85402195649	9712.28393923881	10215.3529177944
2009.94970474584	9712.28393923881	10215.3529177944
2010.04538753518	9712.28393923881	10215.3529177944
2010.14107032453	9712.28393923881	10215.3529177944
2010.23675311387	9712.28393923881	10215.3529177944
2010.33243590322	9712.28393923881	10215.3529177944
2010.42811869256	9712.28393923881	10215.3529177944
2010.52380148191	9712.28393923881	10215.3529177944
2010.61948427125	9712.28393923881	10215.3529177944
2010.7151670606	9712.28393923881	10215.3529177944
2010.81084984994	9712.28393923881	10215.3529177944
2010.90653263929	9712.28393923881	10215.3529177944
2011.00221542863	9712.28393923881	10215.3529177944
2011.09789821798	9712.28393923881	10215.3529177944
2011.19358100732	9712.28393923881	10215.3529177944
2011.28926379667	9712.28393923881	10215.3529177944
2011.38494658601	9712.28393923881	10215.3529177944
2011.48062937536	9712.28393923881	10215.3529177944
2011.5763121647	9712.28393923881	10215.3529177944
2011.67199495405	9712.28393923881	10215.3529177944
2011.7676777434	9712.28393923881	10215.3529177944
2011.86336053274	9712.28393923881	10215.3529177944
2011.95904332209	9712.28393923881	10215.3529177944
2012.05472611143	9712.28393923881	10215.3529177944
2012.15040890078	9712.28393923881	10215.3529177944
2012.24609169012	9712.28393923881	10215.3529177944
2012.34177447947	9712.28393923881	10215.3529177944
2012.43745726881	9712.28393923881	10215.3529177944
2012.53314005816	9712.28393923881	10215.3529177944
2012.6288228475	9712.28393923881	10215.3529177944
2012.72450563685	9712.28393923881	10215.3529177944
2012.82018842619	9712.28393923881	10215.3529177944
2012.91587121554	9712.28393923881	10215.3529177944
2013.01155400488	9712.28393923881	10215.3529177944
2013.10723679423	9712.28393923881	10215.3529177944
2013.20291958357	9712.28393923881	10215.3529177944
2013.29860237292	9712.28393923881	10215.3529177944
2013.39428516226	9712.28393923881	10215.3529177944
2013.48996795161	9712.28393923881	10215.3529177944
2013.58565074095	9712.28393923881	10215.3529177944
2013.6813335303	9712.28393923881	10215.3529177944
2013.77701631964	9712.28393923881	10215.3529177944
2013.87269910899	9712.28393923881	10215.3529177944
2013.96838189833	9712.28393923881	10215.3529177944
2014.06406468768	9712.28393923881	10215.3529177944
2014.15974747702	9712.28393923881	10215.3529177944
2014.25543026637	9712.28393923881	10215.3529177944
2014.35111305572	9712.28393923881	10215.3529177944
2014.44679584506	9712.28393923881	10215.3529177944
2014.54247863441	9712.28393923881	10215.3529177944
2014.63816142375	9712.28393923881	10215.3529177944
2014.7338442131	9712.28393923881	10215.3529177944
2014.82952700244	9712.28393923881	10215.3529177944
2014.92520979179	9712.28393923881	10215.3529177944
2015.02089258113	9712.28393923881	10215.3529177944
2015.11657537048	9712.28393923881	10215.3529177944
2015.21225815982	9712.28393923881	10215.3529177944
2015.30794094917	9712.28393923881	10215.3529177944
2015.40362373851	9712.28393923881	10215.3529177944
2015.49930652786	9712.28393923881	10215.3529177944
2015.5949893172	9712.28393923881	10215.3529177944
2015.69067210655	9712.28393923881	10215.3529177944
2015.78635489589	9712.28393923881	10215.3529177944
2015.88203768524	9712.28393923881	10215.3529177944
2015.97772047458	9712.28393923881	10215.3529177944
2016.07340326393	9712.28393923881	10215.3529177944
2016.16908605327	9712.28393923881	10215.3529177944
2016.26476884262	9712.28393923881	10215.3529177944
2016.36045163196	9712.28393923881	10215.3529177944
2016.45613442131	9712.28393923881	10215.3529177944
2016.55181721065	9712.28393923881	10215.3529177944
2016.6475	9712.28393923881	10215.3529177944
