time	velocity	number_of_branches
1997.36929771999	504.234722407899	0
1997.46593031287	413.518954660546	0
1997.56256290576	382.576239994533	0
1997.65919549864	484.4957579657	0
1997.75582809152	496.896346932769	2
1997.8524606844	600.594995848325	8
1997.94909327728	674.143108452688	15
1998.04572587017	638.529512608831	24
1998.14235846305	674.124607057857	26
1998.23899105593	640.59439371922	28
1998.33562364881	617.95471394813	28
1998.4322562417	617.7793229816	30
1998.52888883458	617.601102247797	30
1998.62552142746	624.042718957972	30
1998.72215402034	597.084995979862	30
1998.81878661322	580.083112497338	30
1998.91541920611	457.70327170353	27
1999.01205179899	452.809671548291	21.5
1999.10868439187	450.753151932239	19
1999.20531698475	476.008262717434	19
1999.30194957764	449.023528652287	22
1999.39858217052	458.24242743284	28.5
1999.4952147634	449.712823981149	38
1999.59184735628	493.824913218884	45
1999.68847994916	503.357418849406	52
1999.78511254205	497.839701480361	53
1999.88174513493	492.81612958635	54
1999.97837772781	498.407234987607	57
2000.07501032069	498.193773443132	61
2000.17164291358	530.602184110534	63.5
2000.26827550646	741.020856085608	102.5
2000.36490809934	775.625883836779	197
2000.46154069222	747.465974714386	233
2000.55817328511	709.910876023986	285
2000.65480587799	716.526128104934	400
2000.75143847087	703.333375869562	418
2000.84807106375	700.98663981822	422.5
2000.94470365663	704.436104530694	427
2001.04133624952	704.503672440745	428
2001.1379688424	690.85915317935	423.5
2001.23460143528	702.457174446069	415.5
2001.33123402816	632.315978523437	379.5
2001.42786662105	602.042283769053	359
2001.52449921393	588.020043532866	369.5
2001.62113180681	575.385980466879	279
2001.71776439969	579.531215899156	245.5
2001.81439699257	585.480625490197	240
2001.91102958546	588.149565344919	238
2002.00766217834	589.967787645578	238
2002.10429477122	585.19260358575	240
2002.2009273641	564.915725649864	256
2002.29755995699	540.717646490143	331
2002.39419254987	553.115454233799	324.5
2002.49082514275	553.262144898718	287
2002.58745773563	583.170191819372	270
2002.68409032851	576.821594654313	256
2002.7807229214	578.834600261178	254
2002.87735551428	578.004247031814	252
2002.97398810716	580.035976144674	255
2003.07062070004	581.358021772191	253.5
2003.16725329293	582.221542144021	252.5
2003.26388588581	574.765166732967	200
2003.36051847869	560.507968138357	163
2003.45715107157	550.899876126142	177
2003.55378366446	315.500691625165	161.5
2003.65041625734	313.267479140494	164
2003.74704885022	318.247757775269	166
2003.8436814431	319.083124729237	166
2003.94031403598	311.851735395012	175.5
2004.03694662887	301.779669381782	172
2004.13357922175	251.908039252571	154
2004.23021181463	255.022458003845	137
2004.32684440751	249.080951863949	114.5
2004.4234770004	258.193182402993	100
2004.52010959328	183.317896825723	94.5
2004.61674218616	214.920232971028	123.5
2004.71337477904	214.516651145749	136
2004.81000737192	220.339749883198	144
2004.90663996481	230.901357335183	142
2005.00327255769	237.211926376307	138
2005.09990515057	246.227396274692	135
2005.19653774345	265.680853851274	138
2005.29317033634	252.633917229252	138.5
2005.38980292922	253.862060674022	139
2005.4864355221	258.376486671354	138
2005.58306811498	271.250242714369	126
2005.67970070786	253.673345688575	109
2005.77633330075	256.016846136414	105
2005.87296589363	264.91185184664	101
2005.96959848651	270.51888850238	101
2006.06623107939	294.854220416683	96
2006.16286367228	327.802535472311	92.5
2006.25949626516	383.026823962062	81.5
2006.35612885804	411.133973718718	78
2006.45276145092	508.756200540993	78
2006.5493940438	560.865425762174	78
2006.64602663669	553.876336998792	77
2006.74265922957	588.461865093731	78
2006.83929182245	542.195445707323	88
2006.93592441533	530.285496874344	101
2007.03255700822	529.115383619614	107.5
2007.1291896011	527.684627823166	110
2007.22582219398	464.182612876823	107
2007.32245478686	496.047288265416	118
2007.41908737974	477.081299047905	123
2007.51571997263	361.439239289636	123
2007.61235256551	366.230818069198	123
2007.70898515839	376.049846066613	122
2007.80561775127	383.789557923259	116
2007.90225034416	383.49360624593	104
2007.99888293704	380.517278489488	96
2008.09551552992	372.602842863701	83
2008.1921481228	464.722809107244	71.5
2008.28878071569	513.458766307502	61
2008.38541330857	564.199731422029	53
2008.48204590145	612.642559176557	48
2008.57867849433	641.867441155328	42
2008.67531108721	678.148499506691	43
2008.7719436801	647.113845355451	46
2008.86857627298	593.489601444474	52
2008.96520886586	586.035646467144	63
2009.06184145874	604.509015003215	61
2009.15847405163	449.527232353879	58
2009.25510664451	339.840018384554	67
2009.35173923739	373.830028813474	77
2009.44837183027	375.8005112883	83.5
2009.54500442315	373.910083912033	88
2009.64163701604	390.000393433454	88
2009.73826960892	395.790908611417	90
2009.8349022018	381.035856227355	89.5
2009.93153479468	380.72142938807	89
2010.02816738757	402.988207055185	91
2010.12479998045	390.86859011499	96
2010.22143257333	513.363218182609	85
2010.31806516621	595.043748923314	86
2010.4146977591	612.043945454126	82
2010.51133035198	641.686870731552	85
2010.60796294486	621.653166534935	97
2010.70459553774	648.302660261588	102
2010.80122813062	661.802929845523	105.5
2010.89786072351	670.151560495142	103
2010.99449331639	688.587287902771	101.5
2011.09112590927	695.673165274766	95
2011.18775850215	670.09205483853	92.5
2011.28439109504	522.626846909709	89
2011.38102368792	499.735139561821	84
2011.4776562808	445.910909849525	82
2011.57428887368	481.60265956131	65
2011.67092146656	418.444045682942	53.5
2011.76755405945	383.759955133668	44.5
2011.86418665233	371.731231128981	39
2011.96081924521	509.898060611026	37.5
2012.05745183809	1053.30894313038	44
2012.15408443098	1048.07993247259	52.5
2012.25071702386	1067.25708111638	55
2012.34734961674	1169.79161732362	53
2012.44398220962	1192.40041662729	52
2012.5406148025	1233.06924609239	50
2012.63724739539	1238.69762530707	50
2012.73387998827	1249.4369665023	49
2012.83051258115	1261.72786954498	49
2012.92714517403	1170.15238931046	47
2013.02377776692	719.122444371326	40
2013.1204103598	676.396078851879	33
2013.21704295268	252.810271365083	21
2013.31367554556	55.9362153986249	19
2013.41030813844	55.9398281953761	19
2013.50694073133	55.9434159049453	19
2013.60357332421	55.9473400018124	19
2013.70020591709	55.9530464346178	19
2013.79683850997	55.9587159577499	19
2013.89347110286	55.9643486224098	19
2013.99010369574	67.7540861927888	20
2014.08673628862	89.5859559719807	14
2014.1833688815	75.8211296905869	7
2014.28000147438	92.8869570765955	4
2014.37663406727	93.4093757574339	4
2014.47326666015	92.3318305366442	4
2014.56989925303	91.9098185661361	4
2014.66653184591	90.9858119519113	4
2014.7631644388	88.0921418245083	4
2014.85979703168	86.8263171337554	4
2014.95642962456	353.301072569407	7
2015.05306221744	402.93650755044	6
2015.14969481033	348.169681557749	7
2015.24632740321	401.64007552833	6
2015.34295999609	402.342300866109	6
2015.43959258897	403.307943158786	6
2015.53622518185	406.116147757267	6
2015.63285777474	408.800138936037	6
2015.72949036762	414.606508112982	6
2015.8261229605	430.465390779679	6
2015.92275555338	452.259347760021	5
2016.01938814627	72.2994220926691	4
2016.11602073915	60.0265321794153	2
2016.21265333203	1367.04850679084	1
2016.30928592491	1366.29403231777	1
2016.40591851779	1365.49778402494	1
2016.50255111068	1364.6597241936	1
2016.59918370356	1363.77979764502	1
