time	95%HPD_lower_value	95%HPD_higher_value
1998.43314913128	NA	NA
1998.52422088562	0	0
1998.61529263997	0	9.9879240366618
1998.70636439431	0	26.598580782017
1998.79743614865	0	43.2191436971459
1998.888507903	0	59.8495825160268
1998.97957965734	0	76.4898670252663
1999.07065141169	0	93.1399670649428
1999.16172316603	0	153.826026412676
1999.25279492037	0	220.560669282666
1999.34386667472	0	252.545695417365
1999.43493842906	0	271.572117031289
1999.5260101834	0	323.845104393271
1999.61708193775	0	509.893079516187
1999.70815369209	0	516.141581110638
1999.79922544643	63.3754192921844	531.184307261017
1999.89029720078	88.3689910416391	563.300076679494
1999.98136895512	99.7361771463239	591.436190580722
2000.07244070946	164.443848135624	662.361743022623
2000.16351246381	185.381817067874	668.38847327308
2000.25458421815	226.868076452145	721.718586464384
2000.3456559725	271.472298095352	784.887179485391
2000.43672772684	311.359928653285	858.953078082313
2000.52779948118	357.850105689668	946.226434623417
2000.61887123553	366.552574019802	972.951553005994
2000.70994298987	364.780827857537	997.622890283325
2000.80101474421	394.20196023324	1035.79312081309
2000.89208649856	394.20196023324	1074.0848956096
2000.9831582529	425.689743659721	1113.66704058974
2001.07423000724	407.719608794992	1157.71764527425
2001.16530176159	516.114252270513	1384.38916351748
2001.25637351593	556.746235419757	1483.20715011539
2001.34744527028	556.746235419757	1763.09019733586
2001.43851702462	600.416382447919	2204.36351363576
2001.52958877896	600.416382447919	2576.86431553312
2001.62066053331	743.414525319227	2980.74421261967
2001.71173228765	946.455407410284	4037.31206068025
2001.80280404199	1049.52324312845	5970.97964649302
2001.89387579634	1181.55833543215	6864.19705712099
2001.98494755068	1270.66591883899	7169.3785668175
2002.07601930502	1465.26241050684	7515.90146197166
2002.16709105937	1632.52280070667	7891.0806108226
2002.25816281371	1658.95072914757	7886.3667418145
2002.34923456805	1951.10744492928	8039.29136919699
2002.4403063224	2734.46532282512	8355.46575974658
2002.53137807674	2980.51857412084	8024.15767902116
2002.62244983109	4068.79491391843	8368.59104495853
2002.71352158543	4851.90449355567	8400.59305657308
2002.80459333977	4882.70581724998	8423.55439215145
2002.89566509412	5428.50382247575	8647.95574556199
2002.98673684846	6494.76890422335	9075.96500720787
2003.0778086028	6672.10948013452	8992.60123790595
2003.16888035715	6824.80115805294	9075.96500720787
2003.25995211149	6963.23536956748	9254.6121622138
2003.35102386583	7097.29895865578	9254.6121622138
2003.44209562018	7034.20284956658	9075.96500720787
2003.53316737452	7210.11211465555	9075.96500720787
2003.62423912887	7268.87425588869	9075.96500720787
2003.71531088321	7711.18280855511	9254.6121622138
2003.80638263755	7979.90168571897	9291.95287104486
2003.8974543919	8159.20956582063	9295.28513434311
2003.98852614624	8194.69894245815	9254.6121622138
2004.07959790058	8194.69894245815	9254.6121622138
2004.17066965493	8256.81706267705	9295.28513434311
2004.26174140927	8297.76517533722	9295.28513434311
2004.35281316361	8347.07433432523	9295.28513434311
2004.44388491796	8338.98953868545	9254.6121622138
2004.5349566723	8203.8848502627	9075.96500720787
2004.62602842664	8347.07433432523	9075.96500720787
2004.71710018099	8408.64519009496	9131.02979340789
2004.80817193533	8408.64519009496	9131.02979340789
2004.89924368968	8408.64519009496	9131.02979340789
2004.99031544402	8408.64519009496	9131.02979340789
2005.08138719836	8408.64519009496	9131.02979340789
2005.17245895271	8408.64519009496	9131.02979340789
2005.26353070705	8408.64519009496	9131.02979340789
2005.35460246139	8408.64519009496	9131.02979340789
2005.44567421574	8429.72837148935	9131.02979340789
2005.53674597008	8429.72837148935	9131.02979340789
2005.62781772442	8463.48935017028	9133.40395136363
2005.71888947877	8585.81539691614	9156.22522927229
2005.80996123311	8766.68092140683	9254.6121622138
2005.90103298746	8766.68092140683	9254.6121622138
2005.9921047418	8766.68092140683	9254.6121622138
2006.08317649614	8766.68092140683	9254.6121622138
2006.17424825049	8766.68092140683	9254.6121622138
2006.26532000483	8766.68092140683	9295.28513434311
2006.35639175917	8766.68092140683	9295.28513434311
2006.44746351352	8766.68092140683	9331.45094452234
2006.53853526786	8795.52130051532	9519.70326414171
2006.6296070222	8766.68092140683	9511.40404164511
2006.72067877655	8766.68092140683	9615.77648888708
2006.81175053089	8766.68092140683	9828.97737450066
2006.90282228523	8795.52130051532	9978.68380611223
2006.99389403958	8795.52130051532	10196.5474510441
2007.08496579392	8892.36435019891	10418.4629732236
2007.17603754827	8994.46315963797	10695.7350887128
2007.26710930261	8994.46315963797	10910.6781427761
2007.35818105695	9278.62166859184	11193.2141499692
2007.4492528113	9951.10875192672	11372.6665775956
2007.54032456564	10604.7280648711	11549.9244073153
2007.63139631998	11279.4170859596	11731.1472420518
2007.72246807433	11279.4170859596	11731.1472420518
2007.81353982867	11279.4170859596	11731.1472420518
2007.90461158301	11279.4170859596	11731.1472420518
2007.99568333736	11279.4170859596	11731.1472420518
2008.0867550917	11279.4170859596	11731.1472420518
2008.17782684605	11279.4170859596	11731.1472420518
2008.26889860039	11279.4170859596	11731.1472420518
2008.35997035473	11279.4170859596	11731.1472420518
2008.45104210908	11279.4170859596	11731.1472420518
2008.54211386342	11279.4170859596	11731.1472420518
2008.63318561776	11279.4170859596	11731.1472420518
2008.72425737211	11279.4170859596	11731.1472420518
2008.81532912645	11279.4170859596	11731.1472420518
2008.90640088079	11279.4170859596	11731.1472420518
2008.99747263514	11279.4170859596	11731.1472420518
2009.08854438948	11279.4170859596	11731.1472420518
2009.17961614382	11279.4170859596	11731.1472420518
2009.27068789817	11279.4170859596	11731.1472420518
2009.36175965251	11279.4170859596	11731.1472420518
2009.45283140686	11279.4170859596	11731.1472420518
2009.5439031612	11279.4170859596	11731.1472420518
2009.63497491554	11279.4170859596	11731.1472420518
2009.72604666989	11279.4170859596	11731.1472420518
2009.81711842423	11279.4170859596	11731.1472420518
2009.90819017857	11279.4170859596	11731.1472420518
2009.99926193292	11279.4170859596	11731.1472420518
2010.09033368726	11279.4170859596	11731.1472420518
2010.1814054416	11279.4170859596	11731.1472420518
2010.27247719595	11279.4170859596	11731.1472420518
2010.36354895029	11279.4170859596	11731.1472420518
2010.45462070464	11279.4170859596	11731.1472420518
2010.54569245898	11279.4170859596	11731.1472420518
2010.63676421332	11279.4170859596	11731.1472420518
2010.72783596767	11279.4170859596	11731.1472420518
2010.81890772201	11279.4170859596	11731.1472420518
2010.90997947635	11279.4170859596	11731.1472420518
2011.0010512307	11279.4170859596	11731.1472420518
2011.09212298504	11279.4170859596	11731.1472420518
2011.18319473938	11279.4170859596	11731.1472420518
2011.27426649373	11279.4170859596	11731.1472420518
2011.36533824807	11279.4170859596	11731.1472420518
2011.45641000241	11279.4170859596	11731.1472420518
2011.54748175676	11279.4170859596	11731.1472420518
2011.6385535111	11279.4170859596	11731.1472420518
2011.72962526545	11279.4170859596	11731.1472420518
2011.82069701979	11279.4170859596	11731.1472420518
2011.91176877413	11279.4170859596	11731.1472420518
2012.00284052848	11279.4170859596	11731.1472420518
2012.09391228282	11279.4170859596	11731.1472420518
2012.18498403716	11279.4170859596	11731.1472420518
2012.27605579151	11279.4170859596	11731.1472420518
2012.36712754585	11279.4170859596	11731.1472420518
2012.45819930019	11279.4170859596	11731.1472420518
2012.54927105454	11279.4170859596	11731.1472420518
2012.64034280888	11279.4170859596	11731.1472420518
2012.73141456323	11279.4170859596	11731.1472420518
2012.82248631757	11279.4170859596	11731.1472420518
2012.91355807191	11279.4170859596	11731.1472420518
2013.00462982626	11279.4170859596	11731.1472420518
2013.0957015806	11279.4170859596	11731.1472420518
2013.18677333494	11279.4170859596	11731.1472420518
2013.27784508929	11279.4170859596	11731.1472420518
2013.36891684363	11279.4170859596	11731.1472420518
2013.45998859797	11279.4170859596	11731.1472420518
2013.55106035232	11279.4170859596	11731.1472420518
2013.64213210666	11279.4170859596	11731.1472420518
2013.733203861	11279.4170859596	11731.1472420518
2013.82427561535	11279.4170859596	11731.1472420518
2013.91534736969	11279.4170859596	11731.1472420518
2014.00641912404	11279.4170859596	11731.1472420518
2014.09749087838	11279.4170859596	11731.1472420518
2014.18856263272	11279.4170859596	11731.1472420518
2014.27963438707	11279.4170859596	11731.1472420518
2014.37070614141	11279.4170859596	11731.1472420518
2014.46177789575	11279.4170859596	11731.1472420518
2014.5528496501	11279.4170859596	11731.1472420518
2014.64392140444	11279.4170859596	11731.1472420518
2014.73499315878	11279.4170859596	11731.1472420518
2014.82606491313	11279.4170859596	11731.1472420518
2014.91713666747	11279.4170859596	11731.1472420518
2015.00820842182	11279.4170859596	11731.1472420518
2015.09928017616	11279.4170859596	11731.1472420518
2015.1903519305	11279.4170859596	11731.1472420518
2015.28142368485	11279.4170859596	11731.1472420518
2015.37249543919	11279.4170859596	11731.1472420518
2015.46356719353	11279.4170859596	11731.1472420518
2015.55463894788	11279.4170859596	11731.1472420518
2015.64571070222	11279.4170859596	11731.1472420518
2015.73678245656	11279.4170859596	11731.1472420518
2015.82785421091	11279.4170859596	11731.1472420518
2015.91892596525	11279.4170859596	11731.1472420518
2016.00999771959	11279.4170859596	11731.1472420518
2016.10106947394	11279.4170859596	11731.1472420518
2016.19214122828	11279.4170859596	11731.1472420518
2016.28321298263	11279.4170859596	11731.1472420518
2016.37428473697	11279.4170859596	11731.1472420518
2016.46535649131	11279.4170859596	11731.1472420518
2016.55642824566	11279.4170859596	11731.1472420518
2016.6475	11279.4170859596	11731.1472420518
