time	95%HPD_lower_value	95%HPD_higher_value
1997.36929772006	41.8613004579981	1105.44315228959
1997.46593031294	66.7734260309427	2475.90232237151
1997.56256290582	59.569541852535	1599.49992023456
1997.65919549871	50.2399999025623	3496.91574723904
1997.75582809159	50.2350428799253	3496.9399488096
1997.85246068447	141.717654912434	2952.38785772846
1997.94909327735	61.8993097773263	2375.8931270369
1998.04572587023	125.848538875216	2566.59106945149
1998.14235846312	198.979988557807	2375.84884744836
1998.238991056	198.874668567752	2952.27746321293
1998.33562364888	198.768385246438	2648.45143679174
1998.43225624176	148.123574179357	2433.32640206498
1998.52888883464	134.84052962591	2375.75815967465
1998.62552142753	38.213846771145	2172.90393686317
1998.72215402041	38.211073420676	1940.78484342449
1998.81878661329	38.2082979459053	1317.25099676441
1998.91541920617	54.2238888668522	1070.79267085599
1999.01205179905	37.218381049753	970.956935760648
1999.10868439194	27.4801853957832	875.819392668365
1999.20531698482	78.303195178709	788.766219122849
1999.3019495777	76.9251513929444	758.213373523833
1999.39858217058	87.0865793042621	749.813689018097
1999.49521476346	113.724751283625	786.037219132701
1999.59184735634	121.530245262477	1056.04881059975
1999.68847994923	138.903407317898	1056.02955340768
1999.78511254211	167.816050136356	1084.8966563799
1999.88174513499	172.742273854865	1253.74957700033
1999.97837772787	225.936661500685	1238.66983916315
2000.07501032075	220.695540481042	1195.1022583635
2000.17164291364	255.748523910219	1554.45348276371
2000.26827550652	373.055269306091	2202.46737894327
2000.3649080994	420.271292853925	1967.61796205492
2000.46154069228	598.810096420062	2024.95220162067
2000.55817328516	758.415744431859	1932.60928070458
2000.65480587805	797.282700737538	1747.41520491535
2000.75143847093	789.278743013317	1751.83913502292
2000.84807106381	763.925679137838	1734.29247687347
2000.94470365669	743.598167901794	1734.18339652358
2001.04133624957	750.059101728908	1723.99822281009
2001.13796884246	746.86860911246	1727.88359848663
2001.23460143534	649.457043793038	1740.63883764757
2001.33123402822	568.840397362512	1368.79138075407
2001.4278666211	419.056666407194	1274.55059807858
2001.52449921398	423.220916988655	1344.44316816621
2001.62113180686	391.314611844128	1132.81938468301
2001.71776439975	404.794987373519	1014.71991208989
2001.81439699263	517.851080136611	1073.77160457341
2001.91102958551	518.502085414068	1080.58703182338
2002.00766217839	516.15103950415	1063.07962769771
2002.10429477127	499.291674434159	1053.31260861919
2002.20092736416	470.836681486403	978.49162041969
2002.29755995704	611.904570420003	1559.57791216725
2002.39419254992	695.946851564706	1716.59610713243
2002.4908251428	712.748777693471	1831.15128660888
2002.58745773568	760.401324340965	1823.9174945083
2002.68409032857	658.554918076901	1725.35836050058
2002.78072292145	671.061752966536	1746.93172223651
2002.87735551433	671.254723590508	1762.79543789272
2002.97398810721	760.895691681085	1880.91158712771
2003.07062070009	734.888808130051	1826.72974479888
2003.16725329298	754.203587004086	1883.1036166549
2003.26388588586	625.87535559681	1921.12711358094
2003.36051847874	912.859290233981	2660.73881895245
2003.45715107162	644.522197661729	2257.18642290066
2003.5537836645	219.335858859646	463.629918919364
2003.65041625738	243.818708512648	463.750491739395
2003.74704885027	240.898432084796	462.717143836715
2003.84368144315	240.177927728353	462.705463555081
2003.94031403603	222.619451816397	443.206825097892
2004.03694662891	187.767847448162	393.869213607572
2004.13357922179	180.194960062078	414.13434304401
2004.23021181468	177.331717910719	445.583548714913
2004.32684440756	183.311344309838	448.498021521541
2004.42347700044	190.942132903222	367.278390196459
2004.52010959332	176.969034014712	369.854430295065
2004.6167421862	167.376855152188	481.170024434973
2004.71337477909	189.447871414498	583.804129891999
2004.81000737197	202.46639721487	554.373449858559
2004.90663996485	203.360989305814	554.677939487144
2005.00327255773	193.814625694312	553.285629859212
2005.09990515061	191.692536866789	576.888233890148
2005.1965377435	200.287009040169	577.123038648057
2005.29317033638	199.826826083967	586.702975849567
2005.38980292926	196.428335911289	598.13668584508
2005.48643552214	184.122506300248	588.850803733129
2005.58306811502	109.527324671171	569.165659005663
2005.6797007079	118.22292366175	525.463935182047
2005.77633330079	104.583001042386	437.629512355368
2005.87296589367	101.919719661141	457.674506197911
2005.96959848655	103.44950473863	465.323864161591
2006.06623107943	121.129557086884	498.984989891508
2006.16286367231	236.153097284119	559.631951950677
2006.2594962652	203.38262006474	615.740043592522
2006.35612885808	273.476237800142	733.627235043036
2006.45276145096	280.414583025543	1170.49971144784
2006.54939404384	330.568600230291	3644.30315557887
2006.64602663672	369.761168708016	3355.78586272873
2006.74265922961	370.212687559305	3313.15472878991
2006.83929182249	360.811032401182	2868.33441090397
2006.93592441537	354.098383913638	2596.16292530795
2007.03255700825	346.805498873063	2696.49530764004
2007.12918960113	330.352147888904	2912.15218758054
2007.22582219401	296.564332727527	3400.49271378622
2007.3224547869	281.39091464979	3230.06580170779
2007.41908737978	274.420522620847	2930.04124277334
2007.51571997266	164.172423395853	838.568818434903
2007.61235256554	164.258522122879	833.316373094965
2007.70898515842	161.181510255935	870.966085774199
2007.80561775131	161.155829489556	880.172867206224
2007.90225034419	161.620746991113	955.847847955036
2007.99888293707	163.266446296501	981.790775102479
2008.09551552995	132.655621100437	1019.22933393774
2008.19214812283	147.846235463092	411.4240374172
2008.28878071572	156.024791871237	400.82259776611
2008.3854133086	155.499964511768	429.342506070494
2008.48204590148	126.4307733277	421.002465809642
2008.57867849436	102.626826559058	413.496414871262
2008.67531108724	109.877240942109	476.059051630044
2008.77194368013	103.152955056948	750.727610595154
2008.86857627301	109.040429918703	767.266847623421
2008.96520886589	106.656515313298	833.021607476508
2009.06184145877	99.2478437353662	838.92010893904
2009.15847405165	102.798368269652	819.805353167244
2009.25510664453	93.2678155391092	753.363021694077
2009.35173923742	89.636031281018	728.38663921009
2009.4483718303	142.728603099742	910.039499634801
2009.54500442318	142.826718735237	783.983865870684
2009.64163701606	154.541600593369	959.890595244432
2009.73826960894	143.590802304817	951.820768951448
2009.83490220183	143.566163558313	871.651435968293
2009.93153479471	143.733925312228	829.125665377601
2010.02816738759	149.000651219689	786.591912874005
2010.12479998047	175.013142522412	811.878223147837
2010.22143257335	187.198556928487	851.707447285054
2010.31806516624	189.759793221158	903.185161290942
2010.41469775912	191.452336749824	704.301586692791
2010.511330352	190.68997192249	571.111305331092
2010.60796294488	196.948935993517	536.946785983951
2010.70459553776	184.975748631948	758.194916444379
2010.80122813065	186.716464758008	716.217751286633
2010.89786072353	188.59512129588	558.389193299477
2010.99449331641	182.315894924283	558.424189131777
2011.09112590929	185.091508783576	779.776679831092
2011.18775850217	136.485519577694	798.046743285368
2011.28439109505	125.533492264039	544.978243319384
2011.38102368794	122.512126047793	546.160204002236
2011.47765628082	133.351596394864	613.203340706719
2011.5742888737	104.401308581164	653.08428301158
2011.67092146658	88.2891350133103	380.355885228507
2011.76755405946	82.7882940726321	259.238304136647
2011.86418665235	82.7847583113514	242.390670261867
2011.96081924523	141.798955278417	287.354508183581
2012.05745183811	174.041527190338	312.015168945399
2012.15408443099	201.778406208447	339.643793480265
2012.25071702387	191.344055500058	312.580971366453
2012.34734961676	196.036279470284	323.780493056677
2012.44398220964	196.314501633653	312.710738533236
2012.54061480252	196.428657635079	313.061304018382
2012.6372473954	182.966870406968	304.180346731018
2012.73387998828	182.97574047029	304.178050466875
2012.83051258117	182.982302154445	304.170390217329
2012.92714517405	181.12941594288	304.745793092671
2013.02377776693	108.726778893934	198.058595942377
2013.12041035981	61.7704692941664	137.798503990034
2013.21704295269	71.3216806327187	130.40887521253
2013.31367554557	75.0644771483773	123.218110609508
2013.41030813846	75.0809353016542	123.242433460196
2013.50694073134	75.0973147761665	123.266551006444
2013.60357332422	75.1136157595246	123.290463755616
2013.7002059171	75.1298384384915	123.31417221339
2013.79683850998	75.145983000346	123.337676881853
2013.89347110287	75.1620496298112	123.360978263167
2013.99010369575	74.6561519881777	119.53489904754
2014.08673628863	85.3668427039273	145.174357174741
2014.18336888151	83.2810303090844	142.576417982056
2014.28000147439	27.0464525441337	74.4002408618231
2014.37663406728	27.0479212816655	74.3992928370885
2014.47326666016	27.0493892778433	74.3983335896731
2014.56989925304	27.0508565336542	74.3973631189058
2014.66653184592	27.0523230485886	74.3963814238765
2014.7631644388	27.0537888242993	74.3953885047005
2014.85979703169	27.0552538504386	74.3943843575851
2014.95642962457	23.9566144795843	71.4243436941664
2015.05306221745	29.3625900750454	81.0842483389071
2015.14969481033	24.0915971198882	61.9440611181467
2015.24632740321	14.1093598045058	83.4228219470998
2015.34295999609	14.109230290736	83.3905622545754
2015.43959258898	14.1091007059286	83.3582307409588
2015.53622518186	14.1089710502258	83.3258273307952
2015.63285777474	14.108841323284	83.2933519497409
2015.72949036762	14.1087115268233	83.2608045235528
2015.8261229605	14.1085816634707	83.22818497453
2015.92275555339	14.1084512417723	83.1954932478485
2016.01938814627	9.44558544826734	49.554182868094
2016.11602073915	NA	NA
2016.21265333203	117.45669853149	239.915033975858
2016.30928592491	117.423777906962	239.800678809113
2016.4059185178	117.390817817629	239.686052493682
2016.50255111068	117.357818239873	239.571154744503
2016.59918370356	117.324779149473	239.455985276604
