time	95%HPD_lower_value	95%HPD_higher_value
1997.54101947135	34.4803966089469	1014.37388934158
1997.63679130358	39.6772080553575	1654.11972999993
1997.7325631358	71.2883812303717	1261.12035739132
1997.82833496802	39.6722643077604	823.894042643945
1997.92410680025	97.1161923637113	814.839585604916
1998.01987863247	106.27654568011	710.050438193851
1998.1156504647	102.195140201849	578.181681692221
1998.21142229692	99.0089976508844	440.935731759098
1998.30719412914	96.6364810212183	384.73407088489
1998.40296596137	78.2992740317789	325.519809856266
1998.49873779359	75.7105559026251	292.458618160693
1998.59450962581	71.0346727754863	280.754163152416
1998.69028145804	96.2342959958829	282.298266424993
1998.78605329026	77.5358203839161	253.429364537772
1998.88182512249	60.4555500970535	231.96334633122
1998.97759695471	39.3511009796281	230.778960733237
1999.07336878693	51.7002226848356	260.549132164873
1999.16914061916	119.032198535958	324.215401196632
1999.26491245138	102.798662566271	278.066404427609
1999.3606842836	112.232083103811	294.699189446129
1999.45645611583	111.800967697752	297.810184347997
1999.55222794805	91.6024209562182	280.289164013898
1999.64799978028	117.078425529638	318.830688283265
1999.7437716125	105.538387938236	340.857284939675
1999.83954344472	134.508552494512	384.939775856877
1999.93531527695	158.548117066336	430.422479287394
2000.03108710917	172.583497286096	474.000683648838
2000.12685894139	190.374946911277	532.294213237181
2000.22263077362	203.492452723816	553.781453954486
2000.31840260584	270.97305863145	597.099689686069
2000.41417443807	315.88652651219	623.298621132267
2000.50994627029	329.798971747749	612.415464626616
2000.60571810251	362.697492512949	646.989123919354
2000.70148993474	390.163823139002	627.432493430098
2000.79726176696	362.343817016157	580.80756199171
2000.89303359918	352.703975306682	540.252649968672
2000.98880543141	343.400475359498	515.411587450908
2001.08457726363	328.973531489939	501.465558156699
2001.18034909586	324.597041377405	490.427846422317
2001.27612092808	322.459964678561	486.377120587288
2001.3718927603	306.492059885138	479.050113067733
2001.46766459253	314.417608010295	497.716174008404
2001.56343642475	318.022116674648	570.871631529822
2001.65920825698	389.600266501698	645.684095837217
2001.7549800892	393.913926692481	705.637281793954
2001.85075192142	423.707155565362	683.11328820773
2001.94652375365	424.769687341978	723.226769546219
2002.04229558587	430.570661600232	753.164631856034
2002.13806741809	344.337828449168	672.71498387469
2002.23383925032	333.155168414409	632.758020902247
2002.32961108254	358.796956820422	700.043820286488
2002.42538291477	404.087357403724	807.82877301288
2002.52115474699	510.013335376917	1049.04587847352
2002.61692657921	582.651222860889	1128.24103472849
2002.71269841144	590.752985216497	1138.25589466854
2002.80847024366	567.036713563299	1150.98864910043
2002.90424207588	521.527178328894	1103.01074328294
2003.00001390811	571.760668915609	1148.24962924308
2003.09578574033	541.07907445987	1059.81038479556
2003.19155757256	438.404107733591	861.094504686936
2003.28732940478	366.719540907124	1035.13455562178
2003.383101237	359.322386057216	842.877447727228
2003.47887306923	278.476048783392	452.465422927171
2003.57464490145	248.447027396895	393.770393811779
2003.67041673368	240.951530158735	374.934710215326
2003.7661885659	237.50541837227	355.208624044194
2003.86196039812	214.629680545298	325.817600947887
2003.95773223035	194.291830505004	322.805388423548
2004.05350406257	170.743646784074	291.439329793296
2004.14927589479	172.269434247248	297.634189934221
2004.24504772702	173.265996543255	276.188858457556
2004.34081955924	158.866504031243	273.5154015843
2004.43659139147	147.622236888131	279.520504209042
2004.53236322369	187.407718888907	310.190585693007
2004.62813505591	188.930848117002	302.632621564876
2004.72390688814	165.957189825171	270.978074592231
2004.81967872036	157.442110456348	256.458469013285
2004.91545055258	149.203544501385	244.847787527731
2005.01122238481	134.203550333547	238.300962988918
2005.10699421703	115.972490657155	213.637835903049
2005.20276604926	108.098872494141	204.250236282
2005.29853788148	113.95828497334	200.778165881703
2005.3943097137	111.601848892531	202.202964300231
2005.49008154593	102.271770588523	200.435820507107
2005.58585337815	89.5074803725364	192.782468060296
2005.68162521037	100.249964498883	201.224251060174
2005.7773970426	94.2989437236916	195.110984377296
2005.87316887482	97.5651539183072	211.444644264619
2005.96894070705	102.385028955843	223.660148568849
2006.06471253927	97.0343048309236	235.627415886109
2006.16048437149	111.40343900417	220.131517789643
2006.25625620372	109.597540548539	204.95970376682
2006.35202803594	109.885559467334	199.619197046302
2006.44779986817	111.507777344327	200.249734169028
2006.54357170039	153.108928376629	243.616624060071
2006.63934353261	156.423060819751	249.62909816314
2006.73511536484	163.074802435027	286.090221165436
2006.83088719706	168.513233566732	287.739654638114
2006.92665902928	162.70733166907	325.466868704443
2007.02243086151	141.716442891557	317.098187100396
2007.11820269373	121.319211400638	249.607227486852
2007.21397452596	108.765557456478	231.485890857961
2007.30974635818	106.621391285882	234.06395513663
2007.4055181904	106.73256853283	220.270387474109
2007.50129002263	105.447519288666	223.073717090054
2007.59706185485	114.59830753685	281.961633846623
2007.69283368707	128.446917094634	316.700151752651
2007.7886055193	90.7600869770296	302.131142348926
2007.88437735152	94.4109165435292	354.033329720627
2007.98014918375	88.1717121764686	384.431310918425
2008.07592101597	94.94582414229	374.130110437486
2008.17169284819	96.4079404498267	353.348525298862
2008.26746468042	105.50847969736	362.607243976652
2008.36323651264	110.163686954144	386.392863880148
2008.45900834487	89.379300457923	354.535451183134
2008.55478017709	102.434126321284	354.661841423357
2008.65055200931	87.2030225100155	302.524158838669
2008.74632384154	103.243157785952	339.632202904888
2008.84209567376	107.724471450461	300.994116224314
2008.93786750598	116.003434286204	315.998700642363
2009.03363933821	106.489568325165	293.90023715645
2009.12941117043	69.9174950533573	269.759304766288
2009.22518300266	89.095795049164	198.782614410671
2009.32095483488	102.136426361596	215.397672753088
2009.4167266671	99.4522130193162	208.495632388213
2009.51249849933	101.392408923315	223.760721665232
2009.60827033155	113.11804064318	234.566023660122
2009.70404216377	117.65894408965	247.469055386721
2009.799813996	130.527776492007	274.338133915523
2009.89558582822	105.550793746427	274.812200357647
2009.99135766045	114.051558143895	304.839326487822
2010.08712949267	114.614963702856	292.586370033818
2010.18290132489	180.667084276361	367.057774413785
2010.27867315712	157.35886284186	311.468509953793
2010.37444498934	152.224041367357	290.813297650429
2010.47021682156	147.025809273745	299.795936298781
2010.56598865379	151.553536204879	278.64121347345
2010.66176048601	139.247419175893	259.64820246485
2010.75753231824	142.12875003695	260.938667677942
2010.85330415046	143.406364660839	260.07469103445
2010.94907598268	139.254432869251	261.25558199805
2011.04484781491	134.241143391138	246.462678141688
2011.14061964713	118.557928147427	244.204551022455
2011.23639147936	109.199676415454	233.002474272377
2011.33216331158	109.624777747675	234.354174930693
2011.4279351438	92.3647412015823	244.877549481999
2011.52370697603	88.2435430796109	254.843270219092
2011.61947880825	79.5687979847299	246.934092224331
2011.71525064047	87.8879662864304	218.211485549977
2011.8110224727	85.1406933682184	243.582961090887
2011.90679430492	70.2163736449437	257.489138350533
2012.00256613715	281.338077898896	516.594868075911
2012.09833796937	237.056551142163	385.735590512633
2012.19410980159	216.744363223226	318.448132957048
2012.28988163382	213.984466694069	304.940849599413
2012.38565346604	212.936636531047	303.251778203942
2012.48142529826	210.680857481213	299.161048204182
2012.57719713049	207.456869810488	304.740168907322
2012.67296896271	199.803730834011	298.123510542714
2012.76874079494	192.068849537189	290.295238611591
2012.86451262716	176.262469571889	288.853585493324
2012.96028445938	125.892763592813	248.133523006512
2013.05605629161	44.3313324342419	111.518909352995
2013.15182812383	44.1939271539892	113.452566110935
2013.24759995606	76.9594237636819	141.158156861286
2013.34337178828	78.8995630131563	135.76030793596
2013.4391436205	79.2534062302988	136.000967278401
2013.53491545273	79.7163408472597	136.394525366367
2013.63068728495	80.3504092681257	137.76073172973
2013.72645911717	81.2756745417175	139.758681107075
2013.8222309494	81.5463397681036	139.806745985735
2013.91800278162	83.5340916263183	144.54191187634
2014.01377461385	67.5577160531852	126.639324217986
2014.10954644607	53.8074910413765	116.097804021383
2014.20531827829	25.9601202211368	90.3579916896456
2014.30109011052	15.1860503364286	74.6011176546633
2014.39686194274	15.1369614976506	73.9674417680578
2014.49263377496	15.0710576730743	73.1195476913857
2014.58840560719	14.9778512054974	71.9238405795126
2014.68417743941	14.8358435311823	70.1064654338036
2014.77994927164	18.2983812822893	70.5745507118752
2014.87572110386	14.0818659821071	63.9540237741518
2014.97149293608	12.7874759731893	145.796194023215
2015.06726476831	11.2018142998222	165.525615438541
2015.16303660053	16.1628569978513	91.2297658273409
2015.25880843275	16.0984158294131	91.2360839985307
2015.35458026498	16.1751025472459	90.160867205699
2015.4503520972	16.2764798142483	88.7464578969106
2015.54612392943	16.4167098636585	86.7983204972041
2015.64189576165	16.6233463506293	83.937971779079
2015.73766759387	15.5421692013345	79.3182530906519
2015.8334394261	16.780696088182	74.6318371699965
2015.92921125832	9.03462565697585	60.021173422353
2016.02498309055	8.58881974887565	60.3893250349023
2016.12075492277	NA	NA
2016.21652675499	108.520442180694	242.564154351592
2016.31229858722	108.483350795149	242.462512674283
2016.40807041944	108.44620622779	242.36063523677
2016.50384225166	108.409008449866	242.258521823148
2016.59961408389	108.371757432526	242.156172217315
