time	velocity	number_of_branches
1997.55878352641	512.438649144286	0
1997.65446631575	490.523221944362	0
1997.75014910509	557.376604037964	2
1997.84583189443	850.665474603687	6
1997.94151468378	837.665199154833	12
1998.03719747312	827.191282951519	14
1998.13288026246	801.792658197075	14
1998.2285630518	775.328568196226	14
1998.32424584114	775.305653006361	16
1998.41992863048	716.704489157807	16
1998.51561141982	713.527054430226	16
1998.61129420916	674.179456416775	16
1998.70697699851	659.065502911802	16
1998.80265978785	435.576471020983	15
1998.89834257719	322.281555915426	10
1998.99402536653	272.420076758139	9
1999.08970815587	230.123687592379	7
1999.18539094521	265.239167548609	8
1999.28107373455	256.324503962101	8.5
1999.3767565239	312.576115369275	11
1999.47243931324	361.969453047261	15
1999.56812210258	514.068337192828	18
1999.66380489192	605.630528603984	23
1999.75948768126	637.007614718354	24
1999.8551704706	681.550177287157	25
1999.95085325994	753.60305240874	26
2000.04653604928	765.732038108174	28
2000.14221883863	840.804616304869	30
2000.23790162797	1304.4006872473	43
2000.33358441731	1638.67724343949	106
2000.42926720665	1602.05424189356	125
2000.52494999599	1579.56393352285	133
2000.62063278533	1518.79745774017	167
2000.71631557467	1512.70603819845	175.5
2000.81199836401	1482.37885268598	178
2000.90768115336	1459.24499440065	177.5
2001.0033639427	1458.25220985484	177
2001.09904673204	1446.38748361334	179
2001.19472952138	1452.60726352997	174.5
2001.29041231072	1090.96696036603	132
2001.38609510006	1019.73386656597	119
2001.4817778894	960.750234716418	121
2001.57746067875	961.562817058352	108
2001.67314346809	955.614450484118	78
2001.76882625743	1016.03623884995	74
2001.86450904677	1025.62608571978	70
2001.96019183611	1028.68274701486	70
2002.05587462545	1029.82217410751	71.5
2002.15155741479	979.981397510287	77
2002.24724020413	1049.28108888329	94
2002.34292299348	1031.86337282713	106
2002.43860578282	960.474571010929	94
2002.53428857216	964.787084530187	89
2002.6299713615	945.253567616427	84
2002.72565415084	936.90368764869	83
2002.82133694018	934.876246438739	83
2002.91701972952	948.453197437161	83.5
2003.01270251886	960.61526532451	83.5
2003.10838530821	960.654474288485	84.5
2003.20406809755	949.937225226412	79
2003.29975088689	1041.67889618565	50
2003.39543367623	977.284470262535	52
2003.49111646557	925.576111679697	55
2003.58679925491	314.730262625353	47
2003.68248204425	315.350479825904	47
2003.7781648336	313.331455373241	47
2003.87384762294	314.09509187951	49
2003.96953041228	313.868386600224	48
2004.06521320162	277.060450200405	49
2004.16089599096	276.089021649143	41
2004.2565787803	290.72932370435	40.5
2004.35226156964	290.061239005082	36
2004.44794435898	297.232010991325	33
2004.54362714833	232.254749647833	30
2004.63930993767	213.995505959686	40
2004.73499272701	204.517462495234	43
2004.83067551635	203.311061976249	45
2004.92635830569	201.130023177046	46
2005.02204109503	181.57740241515	45
2005.11772388437	164.42700897384	42
2005.21340667371	159.219979817064	45
2005.30908946306	139.531321054867	42
2005.4047722524	135.522698031323	43.5
2005.50045504174	133.625201491257	43
2005.59613783108	133.484547993042	38
2005.69182062042	129.123253895304	34
2005.78750340976	124.559067569321	34
2005.8831861991	122.687513477309	34
2005.97886898845	122.309906088433	33
2006.07455177779	127.2469767276	28
2006.17023456713	139.012969142623	30
2006.26591735647	179.116960909031	24
2006.36160014581	179.258247127187	23
2006.45728293515	184.247153964036	22
2006.55296572449	185.29989258507	20
2006.64864851383	194.877318400696	20
2006.74433130318	204.560852182105	22
2006.84001409252	229.063586799171	24
2006.93569688186	262.948535118982	28
2007.0313796712	275.421262112337	32
2007.12706246054	272.343024812601	32
2007.22274524988	260.466315513774	31
2007.31842803922	268.90146754182	34
2007.41411082856	274.045979242249	35
2007.50979361791	261.536482598216	35
2007.60547640725	256.856831092638	35
2007.70115919659	250.889669028473	34
2007.79684198593	250.69581723378	32
2007.89252477527	235.013430249764	30
2007.98820756461	201.328600238102	26
2008.08389035395	220.351412740527	18
2008.1795731433	199.871778681331	15
2008.27525593264	197.501222914738	15
2008.37093872198	174.732779775752	11
2008.46662151132	185.483686818476	9
2008.56230430066	183.134875831489	9
2008.65798709	188.398230423186	9
2008.75366987934	214.311273705123	13
2008.84935266868	261.378897421045	13
2008.94503545803	290.804321630211	15
2009.04071824737	331.150941012844	17
2009.13640103671	349.078821889846	17.5
2009.23208382605	411.657210586167	20
2009.32776661539	605.973182559942	22
2009.42344940473	624.466465985913	27
2009.51913219407	626.262731615123	28
2009.61481498341	601.593106391405	30
2009.71049777276	548.240691794561	29
2009.8061805621	520.951724258007	30
2009.90186335144	472.959036180421	30
2009.99754614078	430.237844553323	32
2010.09322893012	367.896534388896	33
2010.18891171946	396.95847849763	32
2010.2845945088	327.951057813915	33.5
2010.38027729814	281.585167569467	29
2010.47596008749	272.920168087607	27.5
2010.57164287683	256.521825272367	28
2010.66732566617	256.742472753521	28
2010.76300845551	250.007624110327	28
2010.85869124485	243.367140213039	26
2010.95437403419	236.261145526971	25
2011.05005682353	227.014190987906	26
2011.14573961288	220.916783903195	24
2011.24142240222	199.063545150544	20
2011.33710519156	184.929180563231	17
2011.4327879809	190.234526868509	17
2011.52847077024	193.519121764546	12
2011.62415355958	176.103878737944	12
2011.71983634892	183.807203489638	9
2011.81551913826	172.905917585961	9
2011.91120192761	177.688120440009	10
2012.00688471695	288.327021704695	16
2012.10256750629	296.252435901094	15
2012.19825029563	290.141769870967	16
2012.29393308497	288.189748573544	15
2012.38961587431	286.748159788884	15
2012.48529866365	283.90130962108	15
2012.58098145299	284.181654770277	15
2012.67666424234	284.229021667084	15
2012.77234703168	284.53502130049	15
2012.86802982102	284.832733710211	15
2012.96371261036	298.693114935744	12
2013.0593953997	87.0416618143924	8
2013.15507818904	89.7860054387545	10
2013.25076097838	91.8563537187543	10
2013.34644376773	89.6186200078746	12
2013.44212655707	89.610584603818	12
2013.53780934641	89.6025030941587	12
2013.63349213575	89.5943754307861	12
2013.72917492509	89.5862015643834	12
2013.82485771443	89.5779814466015	12
2013.92054050377	89.5697150278744	12
2014.01622329311	91.6627669267263	12
2014.11190608246	99.1113127476833	10
2014.2075888718	91.7229914275912	6
2014.30327166114	62.0017030744892	1
2014.39895445048	61.9952312689736	1
2014.49463723982	61.9887547645795	1
2014.59032002916	61.9822735598452	1
2014.6860028185	61.9757876524593	1
2014.78168560784	61.9692970408603	1
2014.87736839719	61.9628017229435	1
2014.97305118653	61.9563016718612	1
2015.06873397587	NA	0
2015.16441676521	47.4766142230046	1
2015.26009955455	47.4708149763963	1
2015.35578234389	47.4650125542806	1
2015.45146513323	47.4592069553293	1
2015.54714792258	47.4533981783104	1
2015.64283071192	47.4475862220745	1
2015.73851350126	47.4417710856597	1
2015.8341962906	47.4359527671247	1
2015.92987907994	47.4301312650289	1
2016.02556186928	47.4243065772324	1
2016.12124465862	NA	0
2016.21692744796	152.397439946654	1
2016.31261023731	152.349779691718	1
2016.40829302665	152.3019891472	1
2016.50397581599	152.260282310277	1
2016.59965860533	152.226110003346	1
