mean_branch_dispersal_velocity	weighted_branch_dispersal_velocity	branch_dispersal_velocity_variation_among_branches	original_diffusion_coefficient	weighted_diffusion_coefficient	diffusion_coefficient_variation_among_branches	isolation_by_distance_signal_rS	isolation_by_distance_signal_rP1	isolation_by_distance_signal_rP2
1092.08824563426	266.36661453262	7.45958475849164	235790.100421933	199971.912759725	5.20399716810504	0.0261171167346863	0.0183500072495628	0.031969904714204
645.517548235434	230.294312781279	2.8430974913205	201668.064027436	144244.941697176	11.4856409621243	0.030139046371588	0.0241671666881931	0.0388197173991796
2238.04420735086	305.679639393334	8.85415190561029	764707.849572846	187689.312801819	20.463323268523	-0.00168855616304303	-0.00629782070010586	0.00669584350898778
901.052014118541	258.669006820082	4.1489798349492	203810.749506274	161023.431544552	9.33211347455893	0.0408961980395949	0.0359694681727846	0.0486484788219914
881.967848887628	221.243279408104	5.5584009147047	309522.44672722	134191.783282248	17.1221332124111	0.0198890927766203	0.0123980815556985	0.0276811193723364
928.678400842964	240.668504745664	8.4640303135233	584078.90012643	158278.971551879	22.9727723773663	0.027164096420099	0.0246129120763549	0.0363614843729149
795.93709330406	217.233673084869	5.30365557850329	340331.09738815	138620.416453173	15.735174917449	0.00995581318951523	0.0042070648711537	0.017631017417377
797.025343263212	253.681702991581	3.09175985167241	190051.023709034	149258.403128958	4.87045685993961	0.0147009070547847	0.0100769761599813	0.0226681163183496
866.730655231732	271.639347285014	3.48763349738236	343645.241714586	256794.414389378	8.95554542337751	0.0417143513293703	0.0340420668132558	0.0502631819002647
909.997520255139	248.443574236055	4.24691394287547	222454.288813097	160175.637812961	7.72698893957209	0.0111537668776753	0.00281258807052472	0.0184585659820133
766.386886561862	245.024355239845	3.30060327345344	215838.951710704	200677.244001842	6.58178408310835	0.0190651755838208	0.00711560715493057	0.0265548567588628
1268.41680642585	291.132583875274	6.03904788468459	321435.097856837	200863.726480949	5.84651520748546	0.00736887260074985	0.00162219381627306	0.0154491038660176
794.705225012463	280.131088571212	2.60167068019409	250649.789510189	246291.678808767	5.26647751979177	0.0206215283352266	0.0153019650689673	0.0275737085220566
786.279914248724	264.926007185562	2.82945283387091	219912.603055397	185772.283506806	4.7722095532287	0.0152958415355094	0.0119673125551059	0.0229598103055057
1083.95397455246	246.565879420653	5.22783268983119	235492.655924309	170140.036643158	5.62100420980577	0.0131829615641521	0.00688681035122473	0.0207659681979247
828.152805678871	258.965685241401	2.71122401835803	196549.729551717	188953.001734173	5.19519790769148	0.0224623893618259	0.0137258097067915	0.0306300687325399
875.925704256389	250.518919592773	4.62986631869593	304022.872931611	184895.593674065	8.82160372216724	0.0323194549528318	0.0255043944189608	0.0410956043987264
969.669986443764	254.07898356831	3.86121273925813	176314.058769945	162651.875565932	5.26758057889937	0.0143944977092092	0.00760900917237498	0.0237010806264102
1190.91589899456	270.934979516711	4.08612728559141	255807.000493573	154802.736822985	6.17977951921873	0.0277743283649424	0.0198044175320706	0.0376900684533246
815.137301719907	286.201463425604	3.51795758529753	335091.245586416	251303.674320994	7.20649790109183	0.0131548979358408	0.00813065123735409	0.0212933230661897
1539.83679468254	295.526338858836	4.60360043986615	244036.687356138	188402.873217433	4.45074841979168	0.0224623893618259	0.0137258097067915	0.0306300687325399
937.9681435891	238.28106053993	5.59502816753476	343247.083959484	151009.087054706	13.9934467723428	0.0284731758578402	0.0235040430083573	0.0373807629846838
958.474496198746	280.224221369087	3.4577910215658	281936.857639213	225670.149049903	6.2069180809567	0.0169898365338528	0.0106450115483616	0.0260936441177457
814.219658901148	255.250146000363	4.43779392887141	320347.311530625	220710.604921948	8.57778298942043	0.0163750219926124	0.0101759309080617	0.0242828327267805
891.170588537076	241.260394358669	7.30392964897158	265309.632896014	162658.203876407	9.01912707612541	0.0220592207425088	0.0145730722148113	0.0308627371872215
838.114499402064	276.013001860743	3.48421444579297	323043.040965148	235571.854202875	8.10890517176299	0.0281952656615023	0.0213889160225924	0.0357212169355031
769.17685910608	267.427582381927	3.36822945469286	276916.619971409	228308.966240682	7.34400633245997	0.0250352760757654	0.0144633515880397	0.0331772451322411
784.71130791999	297.247867835447	3.08140021718505	364930.165972648	277275.419296167	7.00333788867306	0.030139046371588	0.0241671666881931	0.0388197173991796
1010.16186401417	276.440614883074	5.17416151249838	261554.058496221	200885.674210544	5.08524179991408	-0.00412139471929702	-0.0101171875872366	0.0013135894305827
1566.31390001803	279.3441205393	4.35069948626124	231007.943274794	151675.175173166	6.64348340473528	0.0437123388552556	0.0392757516101811	0.0505276491032981
1441.77827718603	272.063750793085	9.86207730876013	347024.049189735	192417.063673857	9.88959380934525	0.0277743283649424	0.0198044175320706	0.0376900684533246
1446.85787462402	245.23739482865	12.9598815177745	1127189.34427577	181715.824996034	26.2910501006708	0.0190651755838208	0.00711560715493057	0.0265548567588628
724.138059400243	279.51564171684	2.45205280140524	254963.233611515	245252.184385538	5.68823125652804	0.00848298004539223	0.00174411449305963	0.016201018490977
754.090578741777	257.822731444986	5.0860293105336	443356.830768026	206449.129987941	15.7175918554274	0.018620080640085	0.0120049502217942	0.0250140447735562
668.479054733712	251.066969704108	2.2951106483974	190943.73354843	187571.973374943	4.85274583522793	0.0230773373718788	0.0147565648745948	0.0304352405220665
837.024692782838	271.541451444891	2.43367700688917	220274.254043414	219561.659000445	5.68572418166971	0.0417143513293703	0.0340420668132558	0.0502631819002647
1005.7174039787	278.557369744279	3.39600387450012	248361.660771047	235486.899693913	5.02715456421397	0.00910536200934673	-0.00290393957336035	0.0157088356724992
1004.9916991837	269.288400052741	7.05234648894276	322590.474734044	199833.871337666	10.9506657490983	0.0323194549528318	0.0255043944189608	0.0410956043987264
631.155882979121	253.678837863399	2.68818574087477	222603.487155742	180231.764730631	7.40407013547095	0.0250724874628649	0.0180562338998772	0.0343195753871559
760.848373995013	287.212167920541	2.95651133057829	288435.882095847	252691.351486092	6.69330230365436	0.0238222511897919	0.0150473232778962	0.0318283161003576
1209.40162325397	292.446045833039	3.81129528509202	277472.566237623	203513.944451023	6.63678517247617	0.0277743283649424	0.0198044175320706	0.0376900684533246
739.211119583434	275.156113579684	2.66671496958529	267053.858573378	219843.194043142	6.7123579224547	0.0250352760757654	0.0144633515880397	0.0331772451322411
969.105593433282	271.270344055657	7.0159231199034	245342.918418019	194691.736088183	5.29524452362618	0.0312670499825405	0.0242172801854642	0.039287906263388
792.631139879832	243.853202508712	7.78183421448861	288109.095137666	156764.254916621	12.6878333141936	0.0312670499825405	0.0242172801854642	0.039287906263388
977.395873512598	267.756637754702	4.1370412846426	236853.232041453	181570.949328878	5.10728014886034	0.0380587505839176	0.0302340551759283	0.0487220915934915
763.382996252751	219.174693776792	7.01426504171751	213245.84459171	132688.347266298	11.1480818066145	0.0158651663847314	0.0097872846653419	0.0230162165824572
715.035724705056	270.843489822494	2.80764070108642	271973.076525259	246847.190825588	5.53655980449049	0.0261171167346863	0.0183500072495628	0.031969904714204
901.49810302736	275.650548646536	3.61723135900664	356564.548870074	225918.049781769	8.87740391428514	0.0206215283352266	0.0153019650689673	0.0275737085220566
726.870035755561	252.116388796855	4.1410380667741	248217.268586815	179258.570283565	8.25491830360085	0.0231578948447536	0.0183361077700872	0.032203978848413
819.183758718267	267.308265650004	3.77991836330846	259884.947999268	204547.308131489	6.72940129432045	0.0261171167346863	0.0183500072495628	0.031969904714204
787.427991780971	273.660506925171	4.81986777313044	421644.107198367	224086.535851139	14.1905338011382	0.00848298004539223	0.00174411449305963	0.016201018490977
844.243445241131	284.158501678751	2.78632161002236	253792.725574588	234697.9233708	5.09727734562483	0.027164096420099	0.0246129120763549	0.0363614843729149
1165.84859881541	293.269528337969	4.30970581972425	372466.233309376	240714.043742791	8.17937682544968	0.0195860688401481	0.0134786933739411	0.029166774321927
1293.3132295726	295.935371192795	3.68157402229726	266339.776160167	176455.862308465	4.46875269185146	0.0190651755838208	0.00711560715493057	0.0265548567588628
805.360767068925	262.571764397576	3.06940303808912	237435.915423981	185674.638778086	8.07483291357558	-0.00503639831657798	-0.013938278934865	0.00231556561669463
2405.93875806831	273.167106989434	18.9376873809613	218235.643821715	180689.461310475	4.44783421218821	0.0135038604812002	0.00822919813918049	0.0213895901676884
619.238172977175	247.604341988971	5.23012465130873	301643.459062606	171464.591091434	15.7037524456941	0.0301632141161293	0.023247262672205	0.0408100880278675
811.111250886049	283.527830336456	2.51613558624005	275203.528525998	228959.627214097	6.26485920538905	0.0342370293441966	0.0255951602129801	0.0442191617201278
835.699439397428	283.030927154869	5.94576976658496	309944.189297327	262070.934870621	7.22292551093903	0.0281952656615023	0.0213889160225924	0.0357212169355031
887.505217531488	284.316902869952	5.15285952766937	324054.927352079	270704.628188704	7.07426137108121	0.0437123388552556	0.0392757516101811	0.0505276491032981
792.764328614312	275.705900229339	3.49168261633327	265680.397417485	230282.917002613	5.65873394715167	0.024903176339323	0.0191039325533199	0.0365519400107041
878.117822431503	242.554603872946	3.75013750212804	249094.957017905	165445.53871052	7.29557157881234	0.0261171167346863	0.0183500072495628	0.031969904714204
743.573594352681	242.299692241787	3.51687676275846	240090.018919928	146407.550234091	11.3708219058247	0.0119826044002782	0.00437352108962549	0.020379533000336
935.452275523921	294.610693876575	4.68980553697903	375267.048473258	244249.348031405	8.17895595212257	0.0238222511897919	0.0150473232778962	0.0318283161003576
683.827775724473	280.451510663255	2.47941368199259	265655.715835447	219742.068097251	6.30252827626194	0.0371856598045889	0.0305546610026569	0.0451195440407386
744.553187640443	258.56626996533	2.69688206296474	237659.886326228	186375.224650727	5.74707985722487	0.0224623893618259	0.0137258097067915	0.0306300687325399
785.643908810022	241.367787263647	8.0704575511385	486453.195286511	162291.598343939	21.0694042816947	0.0225999029623401	0.0193899161657724	0.0308171828196597
795.37949826474	288.055397794997	3.09558202754683	367363.652072003	259738.852757748	8.829715514898	0.0408178732261432	0.031945378164211	0.0491443088519528
1027.63781116795	254.872732442952	4.52322314815147	223846.304564537	166544.614418888	6.69987199285183	0.0237385555766882	0.0179061936251123	0.0328524656160299
703.187401644145	222.016945978931	5.08949661444462	259544.082506783	145385.259737764	10.7000426885018	0.0326882789831285	0.0284836681214989	0.0408974500525791
828.737695458311	240.971480578568	4.22405086065597	246357.269463484	143006.33413533	10.9417427419201	0.024903176339323	0.0191039325533199	0.0365519400107041
797.973928076143	247.926550493604	3.00976316438833	220270.307157042	156596.831184202	9.84969366069858	0.030139046371588	0.0241671666881931	0.0388197173991796
925.433242011159	236.307369440944	5.9925541874839	334348.730196771	166885.655973671	11.6008594686992	0.0158651663847314	0.0097872846653419	0.0230162165824572
953.724734635323	235.646342390302	5.89971031948067	423844.06230793	140939.621059289	20.2477709486389	0.0372395297674665	0.0322527952587356	0.0456016001900199
708.840833048981	232.200646015051	3.12748286699565	209140.832411813	147032.667626377	9.33932688274174	0.0134107221497766	0.00710124109788513	0.0223324772279313
1053.97543490113	280.015025427055	3.72335055330893	212593.890119522	186398.253185215	4.40940144329732	0.0372395297674665	0.0322527952587356	0.0456016001900199
817.288341467104	234.571811091334	4.11555940530871	278519.686470801	153851.019507781	13.9573935651163	0.0238799874867742	0.0181200538242553	0.0326212152605128
940.525417364071	272.45695513695	3.14044744278677	211036.761730125	179259.017979448	5.44186887227372	0.0262011846710282	0.0217055023407688	0.0353390806492852
828.960063506684	235.247656006309	3.98112841486012	270872.014499848	152231.607047644	13.0617817745374	0.0317756491215205	0.0278121042492044	0.0435369114182172
615.84232575383	268.952375488498	2.74954266251745	209009.635615916	230596.969907039	5.94357791610966	0.024896512751741	0.0197825577830671	0.0329623274929203
868.791336186298	239.018877721454	5.28633693597193	278284.483691702	150637.384349686	9.42293629220157	0.0338490860548516	0.0268227418176569	0.0417557473587072
1071.39890483565	255.994297825418	6.22173910718343	337492.092748197	166999.843756909	12.5635586741103	0.0156136435473503	0.0101644669284043	0.0241791263593149
941.36291592719	275.449877542088	3.3724978328953	240401.962636165	198503.030880883	4.8902579489111	0.0169898365338528	0.0106450115483616	0.0260936441177457
880.280992579639	296.027894501138	3.49690546506419	424972.817838464	269586.153510124	10.6461834616062	0.0152958415355094	0.0119673125551059	0.0229598103055057
630.947385413584	270.721610983723	2.73007889528125	295159.39589039	225608.328458107	8.21888026321301	0.0315809721460551	0.0237403871666041	0.0394830839893372
845.131522684225	271.54500347968	3.4323436432774	290826.170493414	216130.652249987	6.22849436295381	0.0169898365338528	0.0106450115483616	0.0260936441177457
757.846949933442	271.541848480319	2.95642106533852	264997.930765685	216041.977759508	6.12837391701912	0.0308997670785521	0.0257535761365114	0.0393319995807838
713.690755133607	245.742577377916	2.90819639743698	224504.735537006	178552.041306378	9.23544961536817	0.039033724660212	0.0318052435032717	0.047240836553812
712.013361535853	275.681441284956	2.95753792994581	279939.138310079	245046.413502267	8.78259558703267	0.0225999029623401	0.0193899161657724	0.0308171828196597
1907.43257125689	238.719944066186	15.1943303675742	460932.729972372	146892.665313387	17.0233130539482	0.0135038604812002	0.00822919813918049	0.0213895901676884
705.156736213277	248.535889841985	4.29089173364425	240198.153328675	173018.339217779	6.50245551980215	0.0131548979358408	0.00813065123735409	0.0212933230661897
817.323226915454	254.27199903636	3.75325375851737	338326.31881926	172099.466441373	11.3586053767636	0.0323194549528318	0.0255043944189608	0.0410956043987264
986.683134457975	271.233603696032	3.04312283707481	245992.824969982	177760.809990893	6.24615598289066	0.0237385555766882	0.0179061936251123	0.0328524656160299
788.689326239816	293.867308178695	3.47610155289862	242377.698221579	264876.363584181	5.11902543473015	0.0143259373124758	0.00211307747102652	0.0224972993378298
962.091920397723	262.304877256355	3.78659572085896	275994.825146466	153749.709114141	9.92352171305757	0.0323194549528318	0.0255043944189608	0.0410956043987264
699.24854687214	283.575402376137	2.89980582660429	240035.442523938	250657.494730103	5.64065495865764	0.0161383569557846	0.00773819116129686	0.0241272796829505
916.023176916297	275.287882075548	4.91067517573435	263287.772010772	248999.439205311	5.98270916546483	0.0237385555766882	0.0179061936251123	0.0328524656160299
766.816476509619	231.102227648308	4.80147172684797	345311.284734313	146279.251390769	18.5039734587891	0.0281952656615023	0.0213889160225924	0.0357212169355031
728.171187550858	261.091497231895	3.42462092797218	352715.865044176	208025.796319793	10.4852300535553	0.0225999029623401	0.0193899161657724	0.0308171828196597
838.105921266067	261.904641659096	3.5903256553382	291731.985524892	169464.618118289	9.73134820303305	0.0195860688401481	0.0134786933739411	0.029166774321927
