time	95%HPD_lower_value	95%HPD_higher_value
1997.36929772019	87.9228289265946	505.744856986148
1997.46593031307	70.4559573968328	505.899156827493
1997.56256290595	49.7411363760574	565.939906537074
1997.65919549883	70.4483531679788	414.068434942183
1997.75582809172	49.7298931126267	790.620533195671
1997.8524606846	46.166270140103	604.871740903636
1997.94909327748	53.6301567273307	638.49947270858
1998.04572587036	55.6863309327751	422.563715940598
1998.14235846324	57.0034752743938	347.778785629188
1998.23899105612	67.636237444493	292.852589693608
1998.335623649	54.6248682377501	204.726557627384
1998.43225624188	53.7824139366259	178.571447315491
1998.52888883477	61.2850385602546	172.399177024348
1998.62552142765	57.6630537352263	165.910616642961
1998.72215402053	61.921114579655	166.652096053966
1998.81878661341	66.9046875506416	156.269048652607
1998.91541920629	62.6502151368476	168.442172081368
1999.01205179917	52.2786750202408	181.335956939888
1999.10868439205	42.7907318386013	183.544347054777
1999.20531698493	42.2624934900988	179.813864273875
1999.30194957782	44.4656294590227	177.349069885545
1999.3985821707	52.1966979151486	183.891830551631
1999.49521476358	66.7168714179555	201.693567975123
1999.59184735646	90.3135558960581	231.324549942581
1999.68847994934	81.7540291594703	217.373464833084
1999.78511254222	85.7373125137773	222.232205578357
1999.8817451351	98.8959875546246	229.248793058857
1999.97837772798	113.064346341755	247.159416751279
2000.07501032087	120.639786614492	249.180381115326
2000.17164291375	144.737402343038	268.280078759056
2000.26827550663	173.807294490407	301.327807655138
2000.36490809951	219.890574215572	334.016355931321
2000.46154069239	247.168954058903	367.784507446837
2000.55817328527	269.154684396201	388.611684006414
2000.65480587815	294.561972294016	413.637131606461
2000.75143847103	294.509744507331	389.725383730372
2000.84807106392	305.660165880251	407.23632977719
2000.9447036568	309.821027063448	406.721208176979
2001.04133624968	311.770476587725	406.902883786462
2001.13796884256	316.814345102028	410.815434492864
2001.23460143544	316.31045435563	404.84032407031
2001.33123402832	318.929986039282	405.457000598448
2001.4278666212	324.519230498152	422.139911940393
2001.52449921408	326.005335926039	492.755132521177
2001.62113180697	364.39371987558	528.39356820097
2001.71776439985	389.510579984338	552.937765948537
2001.81439699273	350.913527047926	538.182390246624
2001.91102958561	326.597837039612	526.312077396882
2002.00766217849	305.099068314038	511.990284468939
2002.10429477137	274.857010615554	484.474358648795
2002.20092736425	242.608956695999	429.272049705472
2002.29755995713	262.20326430474	428.597175454754
2002.39419255002	261.161115839315	431.63757524212
2002.4908251429	298.148040024163	472.121563678523
2002.58745773578	442.832359050454	563.686898899155
2002.68409032866	415.421734118913	599.009309641216
2002.78072292154	422.649957286034	616.56669788795
2002.87735551442	407.163747903475	633.965319058246
2002.9739881073	387.551739566493	644.181119473417
2003.07062070018	414.500771841679	653.999178171995
2003.16725329307	393.986636411143	602.435911634627
2003.26388588595	398.544504660742	676.982404548849
2003.36051847883	415.031575915178	715.725939064825
2003.45715107171	351.297881774897	569.533556823727
2003.55378366459	327.191613895432	462.42407048428
2003.65041625747	323.901802592309	432.084211518245
2003.74704885035	295.065812173999	391.403577431753
2003.84368144323	264.027490769441	361.128923402802
2003.94031403612	211.161246008948	296.266709697602
2004.036946629	172.06173839887	249.805789196143
2004.13357922188	146.958467767836	212.122891297919
2004.23021181476	127.644747530454	192.276051231403
2004.32684440764	146.451548680882	229.10323371745
2004.42347700052	137.388028560017	218.375850978524
2004.5201095934	159.541907973373	258.157912700349
2004.61674218628	147.650386621187	220.571371426133
2004.71337477917	149.235788841308	216.440627299742
2004.81000737205	155.065786098981	232.285386339817
2004.90663996493	178.376869294079	255.680664717225
2005.00327255781	171.376053535883	258.82664251287
2005.09990515069	167.844894479961	265.031521841514
2005.19653774357	169.898553127197	253.506321846001
2005.29317033645	171.493243873735	263.57613637658
2005.38980292933	164.635185713573	279.390155615768
2005.48643552222	131.766567478245	262.48975498557
2005.5830681151	156.207082657961	270.874952878917
2005.67970070798	158.043075084955	302.05254193463
2005.77633330086	142.469047004423	284.420627346988
2005.87296589374	128.763205997109	304.125518899708
2005.96959848662	111.073032586408	330.015957052066
2006.0662310795	92.1474354818789	309.945347006173
2006.16286367238	132.615244388202	256.93350393562
2006.25949626527	116.593718486572	240.858545367139
2006.35612885815	121.13181643824	228.996507394306
2006.45276145103	112.902483969791	240.979601615872
2006.54939404391	153.407307609171	277.065203575989
2006.64602663679	153.934908622775	331.765867521441
2006.74265922967	144.090905963021	342.357432937043
2006.83929182255	151.964221158023	350.913918398723
2006.93592441543	133.14893091806	355.410523570375
2007.03255700832	133.35760646468	391.874617366772
2007.1291896012	176.046237669363	371.156228662992
2007.22582219408	159.465163342539	330.95144264275
2007.32245478696	149.028766060463	294.676914632544
2007.41908737984	143.906789495878	293.160983251428
2007.51571997272	156.844050313194	308.808983104051
2007.6123525656	152.618591962058	325.858704513573
2007.70898515848	172.628827909679	384.017093007474
2007.80561775137	184.769080319162	420.82340739315
2007.90225034425	177.403630641041	455.749966069207
2007.99888293713	194.373646963499	533.084082454407
2008.09551553001	195.434899512125	555.613460450366
2008.19214812289	158.055136301816	514.448943378254
2008.28878071577	108.829923323273	513.198278828633
2008.38541330865	96.93438541096	548.23021371965
2008.48204590153	66.8797886235333	456.999071898574
2008.57867849442	141.97910590101	417.457725298741
2008.6753110873	134.550761052014	434.430282711067
2008.77194368018	127.715161808457	431.271062205943
2008.86857627306	123.7231078237	462.559641141223
2008.96520886594	119.681052312789	387.611959914729
2009.06184145882	131.523405884308	471.579159072021
2009.1584740517	181.708462849401	443.669153805438
2009.25510664458	140.923010014202	282.886802605736
2009.35173923747	132.346119258525	248.209876899868
2009.44837183035	133.051021327062	283.045429880617
2009.54500442323	130.576563214294	222.421689441965
2009.64163701611	128.431971002492	225.5397647242
2009.73826960899	128.972617864859	235.536073621977
2009.83490220187	132.505748706003	244.415032653883
2009.93153479475	119.594429110948	228.998265353034
2010.02816738763	111.193803923761	216.115317328732
2010.12479998052	184.745377303197	342.246969151664
2010.2214325734	187.176342037574	289.68826507911
2010.31806516628	166.157647075954	268.965377656112
2010.41469775916	155.277664885461	258.030882404763
2010.51133035204	160.628277028788	279.263429353062
2010.60796294492	137.682925950564	216.881990984297
2010.7045955378	129.009644485292	200.709182657863
2010.80122813068	128.144948298076	192.293336108581
2010.89786072357	120.144255276847	180.249293973226
2010.99449331645	107.575329373904	170.224744210005
2011.09112590933	96.8357564629978	158.259136462699
2011.18775850221	80.6618636721131	145.070992675533
2011.28439109509	75.0956275637539	145.549818989413
2011.38102368797	74.3263360106525	148.560468236504
2011.47765628085	72.8470603486215	151.436966438544
2011.57428887373	63.0910119720103	141.233315108919
2011.67092146662	64.2129179504455	137.864260555291
2011.7675540595	63.1606608808569	133.035909760372
2011.86418665238	63.2801570848455	140.286858082182
2011.96081924526	60.2950470847605	159.338234800992
2012.05745183814	266.45164169604	408.754010454759
2012.15408443102	224.144679369873	295.499882199473
2012.2507170239	193.890957606427	266.988045462967
2012.34734961678	189.813541785969	260.52874430563
2012.44398220967	185.977213944508	256.673290618068
2012.54061480255	184.723046976454	255.803289368436
2012.63724739543	178.99630723093	251.007703642575
2012.73387998831	172.51119061298	243.020768225593
2012.83051258119	160.940618293057	228.754350982074
2012.92714517407	134.616025346054	199.975215122671
2013.02377776695	78.6321994039564	149.877902930386
2013.12041035983	34.8848203764361	85.4359975264577
2013.21704295272	33.0834153649108	72.2996527937482
2013.3136755456	35.8200396598551	65.6034075387973
2013.41030813848	35.918258445031	65.7283972749094
2013.50694073136	36.0464372266555	65.9084345288952
2013.60357332424	36.2207469021526	66.1541678385353
2013.70020591712	36.4715479819893	66.5088395793532
2013.79683851	36.8129045945321	67.0642993343677
2013.89347110288	36.9047484724538	68.0559948957634
2013.99010369577	29.9329081801044	58.7848861963632
2014.08673628865	22.2952830364845	54.3383384378717
2014.18336888153	29.7407631130881	69.5326786557615
2014.28000147441	115.149690820481	155.71893030913
2014.37663406729	115.968521362604	157.065917209965
2014.47326666017	117.047371881168	158.849335999795
2014.56989925305	118.519943530113	161.29377729665
2014.66653184593	120.630430947828	164.809439670658
2014.76316443882	127.260135498902	172.069703217853
2014.8597970317	134.927737647722	179.583791922101
2014.95642962458	70.8737726204151	128.880100305309
2015.05306221746	57.889570519009	122.467180166074
2015.14969481034	34.1961836458157	83.0339706070596
2015.24632740322	24.542560559286	74.7705615832054
2015.3429599961	24.5786517018184	75.33082000116
2015.43959258898	23.0241155338598	74.0724756310489
2015.53622518187	22.8006350469051	74.558130836853
2015.63285777475	24.4411841423305	76.3709638292057
2015.72949036763	23.8511426201156	77.0125783419475
2015.82612296051	22.7496917237977	79.8274811786926
2015.92275555339	18.4602425505401	85.2467477443571
2016.01938814627	18.3328453330463	88.6079549227522
2016.11602073915	NA	NA
2016.21265333203	99.3038285032287	188.468663036452
2016.30928592492	99.3004714285806	188.407503795392
2016.4059185178	99.2971112736867	188.346224811274
2016.50255111068	99.293748038504	188.284825982041
2016.59918370356	99.290381722524	188.223307205596
