time	distance
1997.5109421317	0
1997.60662492104	0
1997.70230771038	0
1997.79799049972	0
1997.89367328907	0
1997.98935607841	0
1998.08503886775	0
1998.18072165709	0
1998.27640444643	28.4476245520906
1998.37208723577	72.4260242494314
1998.46777002511	139.410312202884
1998.56345281446	182.721251083821
1998.6591356038	221.791377560499
1998.75481839314	253.598842596154
1998.85050118248	295.768772389933
1998.94618397182	317.326969982783
1999.04186676116	346.615675673884
1999.13754955051	382.227477510083
1999.23323233985	438.614751541794
1999.32891512919	484.431555495651
1999.42459791853	515.682089821874
1999.52028070787	551.32142679571
1999.61596349721	591.221565186769
1999.71164628655	625.971910496569
1999.8073290759	671.076789159734
1999.90301186524	776.538222610616
1999.99869465458	882.549105442721
2000.09437744392	971.789276815453
2000.19006023326	1088.79389157209
2000.2857430226	1197.48888598354
2000.38142581195	1320.44656748074
2000.47710860129	1463.67728441965
2000.57279139063	1609.18816049321
2000.66847417997	1803.06059019063
2000.76415696931	1944.33358603051
2000.85983975865	2162.82394364527
2000.95552254799	2372.70602223912
2001.05120533734	2612.29359460893
2001.14688812668	2987.77958961135
2001.24257091602	3394.21170980509
2001.33825370536	3777.35988243635
2001.4339364947	4172.07183286503
2001.52961928404	4595.02254121489
2001.62530207338	4909.59132396062
2001.72098486273	5271.0289392439
2001.81666765207	5632.78715408352
2001.91235044141	5922.85505225872
2002.00803323075	6182.53585514722
2002.10371602009	6571.13364088449
2002.19939880943	6921.90473567455
2002.29508159877	7343.76163988071
2002.39076438812	7765.12298988108
2002.48644717746	8208.01214948926
2002.5821299668	8673.94250686365
2002.67781275614	9129.97986509611
2002.77349554548	9555.56327035665
2002.86917833482	10001.4104633034
2002.96486112417	10401.1891722236
2003.06054391351	10401.1891722236
2003.15622670285	10401.1891722236
2003.25190949219	10401.1891722236
2003.34759228153	10401.1891722236
2003.44327507087	10401.1891722236
2003.53895786021	10401.1891722236
2003.63464064956	10401.1891722236
2003.7303234389	10401.1891722236
2003.82600622824	10401.1891722236
2003.92168901758	10401.1891722236
2004.01737180692	10401.1891722236
2004.11305459626	10401.1891722236
2004.2087373856	10401.1891722236
2004.30442017495	10401.1891722236
2004.40010296429	10401.1891722236
2004.49578575363	10401.1891722236
2004.59146854297	10401.1891722236
2004.68715133231	10401.1891722236
2004.78283412165	10401.1891722236
2004.878516911	10401.1891722236
2004.97419970034	10401.1891722236
2005.06988248968	10401.1891722236
2005.16556527902	10401.1891722236
2005.26124806836	10401.1891722236
2005.3569308577	10401.1891722236
2005.45261364704	10401.1891722236
2005.54829643639	10401.1891722236
2005.64397922573	10401.1891722236
2005.73966201507	10401.1891722236
2005.83534480441	10401.1891722236
2005.93102759375	10401.1891722236
2006.02671038309	10401.1891722236
2006.12239317244	10401.1891722236
2006.21807596178	10401.1891722236
2006.31375875112	10401.1891722236
2006.40944154046	10401.1891722236
2006.5051243298	10401.1891722236
2006.60080711914	10401.1891722236
2006.69648990848	10401.1891722236
2006.79217269783	10401.1891722236
2006.88785548717	10401.1891722236
2006.98353827651	10401.1891722236
2007.07922106585	10401.1891722236
2007.17490385519	10401.1891722236
2007.27058664453	10401.1891722236
2007.36626943387	10401.1891722236
2007.46195222322	10401.1891722236
2007.55763501256	10423.6978051629
2007.6533178019	10423.6978051629
2007.74900059124	10423.6978051629
2007.84468338058	10423.6978051629
2007.94036616992	10423.6978051629
2008.03604895926	10423.6978051629
2008.13173174861	10423.6978051629
2008.22741453795	10423.6978051629
2008.32309732729	10423.6978051629
2008.41878011663	10423.6978051629
2008.51446290597	10423.6978051629
2008.61014569531	10423.6978051629
2008.70582848466	10423.6978051629
2008.801511274	10423.6978051629
2008.89719406334	10423.6978051629
2008.99287685268	10423.6978051629
2009.08855964202	10423.6978051629
2009.18424243136	10423.6978051629
2009.2799252207	10423.6978051629
2009.37560801005	10423.6978051629
2009.47129079939	10423.6978051629
2009.56697358873	10423.6978051629
2009.66265637807	10423.6978051629
2009.75833916741	10423.6978051629
2009.85402195675	10423.6978051629
2009.9497047461	10423.6978051629
2010.04538753544	10423.6978051629
2010.14107032478	10423.6978051629
2010.23675311412	10423.6978051629
2010.33243590346	10423.6978051629
2010.4281186928	10423.6978051629
2010.52380148214	10423.6978051629
2010.61948427149	10423.6978051629
2010.71516706083	10423.6978051629
2010.81084985017	10423.6978051629
2010.90653263951	10423.6978051629
2011.00221542885	10423.6978051629
2011.09789821819	10423.6978051629
2011.19358100753	10423.6978051629
2011.28926379688	10423.6978051629
2011.38494658622	10423.6978051629
2011.48062937556	10423.6978051629
2011.5763121649	10423.6978051629
2011.67199495424	10423.6978051629
2011.76767774358	10423.6978051629
2011.86336053293	10423.6978051629
2011.95904332227	10423.6978051629
2012.05472611161	10423.6978051629
2012.15040890095	10423.6978051629
2012.24609169029	10423.6978051629
2012.34177447963	10423.6978051629
2012.43745726897	10423.6978051629
2012.53314005832	10423.6978051629
2012.62882284766	10423.6978051629
2012.724505637	10423.6978051629
2012.82018842634	10423.6978051629
2012.91587121568	10423.6978051629
2013.01155400502	10423.6978051629
2013.10723679436	10423.6978051629
2013.20291958371	10423.6978051629
2013.29860237305	10423.6978051629
2013.39428516239	10423.6978051629
2013.48996795173	10423.6978051629
2013.58565074107	10423.6978051629
2013.68133353041	10423.6978051629
2013.77701631975	10423.6978051629
2013.8726991091	10423.6978051629
2013.96838189844	10423.6978051629
2014.06406468778	10423.6978051629
2014.15974747712	10423.6978051629
2014.25543026646	10423.6978051629
2014.3511130558	10423.6978051629
2014.44679584515	10423.6978051629
2014.54247863449	10423.6978051629
2014.63816142383	10423.6978051629
2014.73384421317	10423.6978051629
2014.82952700251	10423.6978051629
2014.92520979185	10423.6978051629
2015.02089258119	10423.6978051629
2015.11657537054	10423.6978051629
2015.21225815988	10423.6978051629
2015.30794094922	10423.6978051629
2015.40362373856	10423.6978051629
2015.4993065279	10423.6978051629
2015.59498931724	10423.6978051629
2015.69067210658	10423.6978051629
2015.78635489593	10423.6978051629
2015.88203768527	10423.6978051629
2015.97772047461	10423.6978051629
2016.07340326395	10423.6978051629
2016.16908605329	10423.6978051629
2016.26476884263	10423.6978051629
2016.36045163198	10423.6978051629
2016.45613442132	10423.6978051629
2016.55181721066	10423.6978051629
2016.6475	10423.6978051629
