time	distance
1997.32098142355	0
1997.41761401643	0.222129226399213
1997.51424660931	0.850081720573436
1997.6108792022	2.17129902267658
1997.70751179508	3.47503465863039
1997.80414438796	5.15586616637507
1997.90077698084	9.27171826049872
1997.99740957373	16.6571489352645
1998.09404216661	35.2129890354356
1998.19067475949	62.3133582906828
1998.28730735237	110.55966208943
1998.38393994525	191.272450546632
1998.48057253814	255.661663316912
1998.57720513102	316.651113906218
1998.6738377239	382.912143604721
1998.77047031678	441.628376222621
1998.86710290967	503.507398221322
1998.96373550255	567.035434259067
1999.06036809543	635.589629658924
1999.15700068831	707.827219517817
1999.2536332812	789.642838505717
1999.35026587408	882.760337748072
1999.44689846696	980.087084706792
1999.54353105984	1082.33952987162
1999.64016365272	1187.90320035575
1999.73679624561	1300.50931224172
1999.83342883849	1417.09417160554
1999.93006143137	1527.10597127997
2000.02669402425	1641.96679144001
2000.12332661714	1749.05517982231
2000.21995921002	1856.67364908505
2000.3165918029	1957.75697963059
2000.41322439578	2059.38697077686
2000.50985698866	2184.46068784099
2000.60648958155	2312.65831861736
2000.70312217443	2428.58301863688
2000.79975476731	2562.72271368675
2000.89638736019	2710.21426786426
2000.99301995308	2859.9081864897
2001.08965254596	3018.30072730626
2001.18628513884	3183.25556195641
2001.28291773172	3362.55917913011
2001.3795503246	3560.4402687301
2001.47618291749	3764.84516495034
2001.57281551037	3975.27063800144
2001.66944810325	4195.06516536527
2001.76608069613	4303.70436936927
2001.86271328902	4495.7280230318
2001.9593458819	4772.62658406561
2002.05597847478	5120.76942340398
2002.15261106766	5489.24569340122
2002.24924366054	5866.374311386
2002.34587625343	6247.65734292379
2002.44250884631	6632.99090732916
2002.53914143919	7023.47027427561
2002.63577403207	7415.37334276369
2002.73240662496	7809.54233638254
2002.82903921784	8203.47744548827
2002.92567181072	8596.83702278976
2003.0223044036	8989.25794811008
2003.11893699648	9380.35109283026
2003.21556958937	9769.69606830593
2003.31220218225	10156.8351183292
2003.40883477513	10541.2659909965
2003.50546736801	10922.4335987597
2003.6020999609	11299.7202490743
2003.69873255378	11672.4342059072
2003.79536514666	12039.7963323146
2003.89199773954	12400.9245805972
2003.98863033243	12754.8161641834
2004.08526292531	12754.8161641834
2004.18189551819	12754.8161641834
2004.27852811107	12754.8161641834
2004.37516070395	12754.8161641834
2004.47179329684	12754.8161641834
2004.56842588972	12754.8161641834
2004.6650584826	12754.8161641834
2004.76169107548	12754.8161641834
2004.85832366837	12754.8161641834
2004.95495626125	12754.8161641834
2005.05158885413	12754.8161641834
2005.14822144701	12754.8161641834
2005.24485403989	12754.8161641834
2005.34148663278	12754.8161641834
2005.43811922566	12754.8161641834
2005.53475181854	12754.8161641834
2005.63138441142	12754.8161641834
2005.72801700431	12754.8161641834
2005.82464959719	12754.8161641834
2005.92128219007	12754.8161641834
2006.01791478295	12754.8161641834
2006.11454737583	12754.8161641834
2006.21117996872	12754.8161641834
2006.3078125616	12754.8161641834
2006.40444515448	12754.8161641834
2006.50107774736	12754.8161641834
2006.59771034025	12754.8161641834
2006.69434293313	12754.8161641834
2006.79097552601	12754.8161641834
2006.88760811889	12754.8161641834
2006.98424071177	12754.8161641834
2007.08087330466	12754.8161641834
2007.17750589754	12754.8161641834
2007.27413849042	12754.8161641834
2007.3707710833	12754.8161641834
2007.46740367619	12754.8161641834
2007.56403626907	12754.8161641834
2007.66066886195	12754.8161641834
2007.75730145483	12754.8161641834
2007.85393404772	12754.8161641834
2007.9505666406	12754.8161641834
2008.04719923348	12754.8161641834
2008.14383182636	12754.8161641834
2008.24046441924	12754.8161641834
2008.33709701213	12754.8161641834
2008.43372960501	12754.8161641834
2008.53036219789	12754.8161641834
2008.62699479077	12754.8161641834
2008.72362738366	12754.8161641834
2008.82025997654	12754.8161641834
2008.91689256942	12754.8161641834
2009.0135251623	12754.8161641834
2009.11015775518	12754.8161641834
2009.20679034807	12754.8161641834
2009.30342294095	12754.8161641834
2009.40005553383	12754.8161641834
2009.49668812671	12754.8161641834
2009.5933207196	12754.8161641834
2009.68995331248	12754.8161641834
2009.78658590536	12754.8161641834
2009.88321849824	12754.8161641834
2009.97985109112	12754.8161641834
2010.07648368401	12754.8161641834
2010.17311627689	12754.8161641834
2010.26974886977	12754.8161641834
2010.36638146265	12754.8161641834
2010.46301405554	12754.8161641834
2010.55964664842	12754.8161641834
2010.6562792413	12754.8310564599
2010.75291183418	12754.8310564599
2010.84954442706	12754.8310564599
2010.94617701995	12754.8310564599
2011.04280961283	12754.8310564599
2011.13944220571	12754.8310564599
2011.23607479859	12754.8310564599
2011.33270739148	12754.8310564599
2011.42933998436	12754.8310564599
2011.52597257724	12754.8310564599
2011.62260517012	12754.8310564599
2011.71923776301	12754.8310564599
2011.81587035589	12754.8310564599
2011.91250294877	12754.8310564599
2012.00913554165	12754.8310564599
2012.10576813453	12754.8310564599
2012.20240072742	12755.813842073
2012.2990333203	12762.3444796576
2012.39566591318	12775.4737349146
2012.49229850606	12794.3518706984
2012.58893109895	12814.2825095055
2012.68556369183	12814.2825095055
2012.78219628471	12814.2825095055
2012.87882887759	12814.2825095055
2012.97546147047	12814.2825095055
2013.07209406336	12814.2825095055
2013.16872665624	12814.2825095055
2013.26535924912	12814.2825095055
2013.361991842	12814.2825095055
2013.45862443489	12814.2825095055
2013.55525702777	12814.2825095055
2013.65188962065	12814.2825095055
2013.74852221353	12814.2825095055
2013.84515480641	12814.2825095055
2013.9417873993	12814.2825095055
2014.03841999218	12814.2825095055
2014.13505258506	12814.2825095055
2014.23168517794	12814.2825095055
2014.32831777083	12814.2825095055
2014.42495036371	12814.2825095055
2014.52158295659	12814.2825095055
2014.61821554947	12814.2825095055
2014.71484814236	12814.2825095055
2014.81148073524	12814.2825095055
2014.90811332812	12814.2825095055
2015.004745921	12814.2825095055
2015.10137851388	12814.2825095055
2015.19801110677	12814.6292668701
2015.29464369965	12817.0566428076
2015.39127629253	12819.4802443528
2015.48790888541	12819.4802443528
2015.5845414783	12819.4802443528
2015.68117407118	12819.4802443528
2015.77780666406	12819.4802443528
2015.87443925694	12819.4802443528
2015.97107184982	12819.4802443528
2016.06770444271	12819.4802443528
2016.16433703559	12819.4802443528
2016.26096962847	12819.4802443528
2016.35760222135	12819.4802443528
2016.45423481424	12819.4802443528
2016.55086740712	12819.4802443528
2016.6475	12819.4802443528
