time	distance
1997.45684913119	0
1997.55280238553	1.37021777565392
1997.64875563988	2.88423676889191
1997.74470889422	4.70900966000061
1997.84066214857	6.82649368520961
1997.93661540291	12.1627146687202
1998.03256865725	21.4765284986979
1998.1285219116	33.4654038012423
1998.22447516594	55.2071078072654
1998.32042842029	87.7641381591961
1998.41638167463	128.696545307466
1998.51233492897	163.629263265102
1998.60828818332	195.263335958155
1998.70424143766	232.03096573786
1998.80019469201	271.920454266779
1998.89614794635	315.76438610816
1998.99210120069	359.990418045488
1999.08805445504	411.36453802961
1999.18400770938	464.053102159607
1999.27996096373	520.893531113968
1999.37591421807	580.067758408263
1999.47186747241	636.553993098763
1999.56782072676	692.271294833659
1999.6637739811	697.571534531001
1999.75972723545	707.740212272271
1999.85568048979	718.114130177597
1999.95163374414	735.734484015551
2000.04758699848	778.807565489733
2000.14354025282	821.570842427945
2000.23949350717	880.086769633065
2000.33544676151	958.548796503729
2000.43140001586	1039.66796294228
2000.5273532702	1133.13595795292
2000.62330652454	1260.85168374399
2000.71925977889	1434.59976716253
2000.81521303323	1906.62947838213
2000.91116628758	2343.32237031104
2001.00711954192	2832.80904583666
2001.10307279626	3640.7932481408
2001.19902605061	4216.7672541051
2001.29497930495	4523.06657118494
2001.3909325593	4865.21903419241
2001.48688581364	5243.08967491391
2001.58283906798	5666.86574651119
2001.67879232233	6122.35205014752
2001.77474557667	6586.65935301051
2001.87069883102	7069.95739424259
2001.96665208536	7502.00591164253
2002.0626053397	7782.63066631237
2002.15855859405	7995.30838387191
2002.25451184839	8192.17238771767
2002.35046510274	8414.50205338027
2002.44641835708	8678.85891504616
2002.54237161142	9014.06255216556
2002.63832486577	9387.60206747372
2002.73427812011	9766.28990938041
2002.83023137446	9842.17541700428
2002.9261846288	9905.69610770108
2003.02213788314	9905.69610770108
2003.11809113749	9905.69610770108
2003.21404439183	9905.69610770108
2003.30999764618	9905.69610770108
2003.40595090052	9905.69610770108
2003.50190415487	9905.69610770108
2003.59785740921	9905.69610770108
2003.69381066355	9905.69610770108
2003.7897639179	9905.69610770108
2003.88571717224	9905.69610770108
2003.98167042659	9905.69610770108
2004.07762368093	9905.69610770108
2004.17357693527	9905.69610770108
2004.26953018962	9905.69610770108
2004.36548344396	9905.69610770108
2004.46143669831	9905.69610770108
2004.55738995265	9905.69610770108
2004.65334320699	9905.69610770108
2004.74929646134	9905.69610770108
2004.84524971568	9905.69610770108
2004.94120297003	9905.69610770108
2005.03715622437	9905.69610770108
2005.13310947871	9905.69610770108
2005.22906273306	9905.69610770108
2005.3250159874	9905.69610770108
2005.42096924175	9905.69610770108
2005.51692249609	9905.69610770108
2005.61287575043	9905.69610770108
2005.70882900478	9905.69610770108
2005.80478225912	9905.69610770108
2005.90073551347	9905.69610770108
2005.99668876781	9905.69610770108
2006.09264202215	9905.69610770108
2006.1885952765	9905.69610770108
2006.28454853084	9905.69610770108
2006.38050178519	9905.69610770108
2006.47645503953	9905.69610770108
2006.57240829387	9905.69610770108
2006.66836154822	9905.69610770108
2006.76431480256	9905.69610770108
2006.86026805691	9905.69610770108
2006.95622131125	9905.69610770108
2007.0521745656	9905.69610770108
2007.14812781994	9905.69610770108
2007.24408107428	9905.69610770108
2007.34003432863	9905.69610770108
2007.43598758297	9905.69610770108
2007.53194083732	9905.69610770108
2007.62789409166	9905.69610770108
2007.723847346	9905.69610770108
2007.81980060035	9905.69610770108
2007.91575385469	9905.69610770108
2008.01170710904	9905.69610770108
2008.10766036338	9905.69610770108
2008.20361361772	9905.69610770108
2008.29956687207	9905.69610770108
2008.39552012641	9905.69610770108
2008.49147338076	9905.69610770108
2008.5874266351	9905.69610770108
2008.68337988944	9905.69610770108
2008.77933314379	9905.69610770108
2008.87528639813	9905.69610770108
2008.97123965248	9905.69610770108
2009.06719290682	9905.69610770108
2009.16314616116	9905.69610770108
2009.25909941551	9905.69610770108
2009.35505266985	9905.69610770108
2009.4510059242	9905.69610770108
2009.54695917854	9905.69610770108
2009.64291243288	9905.69610770108
2009.73886568723	9905.69610770108
2009.83481894157	9905.69610770108
2009.93077219592	9905.69610770108
2010.02672545026	9905.69610770108
2010.1226787046	9905.69610770108
2010.21863195895	9905.69610770108
2010.31458521329	9905.69610770108
2010.41053846764	9905.69610770108
2010.50649172198	9905.69610770108
2010.60244497632	9905.69610770108
2010.69839823067	9905.69610770108
2010.79435148501	9905.69610770108
2010.89030473936	9905.69610770108
2010.9862579937	9905.69610770108
2011.08221124805	9905.69610770108
2011.17816450239	9905.69610770108
2011.27411775673	9905.69610770108
2011.37007101108	9905.69610770108
2011.46602426542	9905.69610770108
2011.56197751977	9905.69610770108
2011.65793077411	9905.69610770108
2011.75388402845	9905.69610770108
2011.8498372828	9905.69610770108
2011.94579053714	9905.69610770108
2012.04174379149	9905.69610770108
2012.13769704583	9905.69610770108
2012.23365030017	9905.69610770108
2012.32960355452	9905.69610770108
2012.42555680886	9905.69610770108
2012.52151006321	9905.69610770108
2012.61746331755	9905.69610770108
2012.71341657189	9905.69610770108
2012.80936982624	9905.69610770108
2012.90532308058	9905.69610770108
2013.00127633493	9905.69610770108
2013.09722958927	9905.69610770108
2013.19318284361	9905.69610770108
2013.28913609796	9905.69610770108
2013.3850893523	9905.69610770108
2013.48104260665	9905.69610770108
2013.57699586099	9905.69610770108
2013.67294911533	9905.69610770108
2013.76890236968	9905.69610770108
2013.86485562402	9905.69610770108
2013.96080887837	9905.69610770108
2014.05676213271	9905.69610770108
2014.15271538705	9905.69610770108
2014.2486686414	9905.69610770108
2014.34462189574	9905.69610770108
2014.44057515009	9905.69610770108
2014.53652840443	9905.69610770108
2014.63248165878	9905.69610770108
2014.72843491312	9905.69610770108
2014.82438816746	9905.69610770108
2014.92034142181	9905.69610770108
2015.01629467615	9905.69610770108
2015.1122479305	9905.69610770108
2015.20820118484	9905.69610770108
2015.30415443918	9905.69610770108
2015.40010769353	9905.69610770108
2015.49606094787	9905.69610770108
2015.59201420222	9905.69610770108
2015.68796745656	9905.69610770108
2015.7839207109	9905.69610770108
2015.87987396525	9905.69610770108
2015.97582721959	9905.69610770108
2016.07178047394	9905.69610770108
2016.16773372828	9905.69610770108
2016.26368698262	9905.69610770108
2016.35964023697	9905.69610770108
2016.45559349131	9905.69610770108
2016.55154674566	9905.69610770108
2016.6475	9905.69610770108
