time	distance
1997.32098142375	0
1997.41761401663	1.00000935993801
1997.51424660951	1.48599829625436
1997.61087920239	2.20004676556684
1997.70751179527	3.2842911236435
1997.80414438816	6.37055978759661
1997.90077698104	9.6638991660231
1997.99740957392	16.2813359322765
1998.0940421668	30.1811422001108
1998.19067475968	51.5014766860497
1998.28730735256	88.5097956007683
1998.38393994544	129.147154180371
1998.48057253833	161.66107039337
1998.57720513121	186.597069448504
1998.67383772409	208.376871316731
1998.77047031697	227.533096939286
1998.86710290985	246.128107731487
1998.96373550273	263.898032234148
1999.06036809561	281.268137920115
1999.15700068849	297.086842159361
1999.25363328137	317.360946789922
1999.35026587426	339.808980958767
1999.44689846714	360.056491524265
1999.54353106002	381.868463673512
1999.6401636529	407.513145342517
1999.73679624578	435.519842691649
1999.83342883866	470.865827043178
1999.93006143154	516.212169915391
2000.02669402443	557.24994713842
2000.12332661731	603.802080146983
2000.21995921019	646.847048003151
2000.31659180307	690.92334973692
2000.41322439595	741.25469518737
2000.50985698883	800.031783913134
2000.60648958171	867.216570194034
2000.70312217459	950.688813062362
2000.79975476747	1085.37397831586
2000.89638736036	1256.7443499596
2000.99301995324	1466.77640864561
2001.08965254612	1693.66546705562
2001.186285139	1943.5612539023
2001.28291773188	2235.79086163786
2001.37955032476	2545.93387115166
2001.47618291764	2909.07632464669
2001.57281551053	3330.48219954194
2001.66944810341	3764.836499284
2001.76608069629	3790.49655538018
2001.86271328917	3841.18687464271
2001.95934588205	3935.30204045805
2002.05597847493	4074.67514840956
2002.15261106781	4266.99647304764
2002.24924366069	4504.40590327804
2002.34587625357	4759.79576561401
2002.44250884646	5038.29352661272
2002.53914143934	5387.53020125065
2002.63577403222	5844.96731901513
2002.7324066251	6414.97522550374
2002.82903921798	7017.94287158041
2002.92567181086	7681.54685431303
2003.02230440374	7681.54685431303
2003.11893699663	7681.54685431303
2003.21556958951	7685.63740006274
2003.31220218239	7698.25685730223
2003.40883477527	7728.00111016338
2003.50546736815	7782.33284703357
2003.60209996103	7847.12023784392
2003.69873255391	7847.60332521695
2003.79536514679	7848.87179678788
2003.89199773967	7850.77941193465
2003.98863033256	7854.68077968825
2004.08526292544	7859.11968403519
2004.18189551832	7867.21986721235
2004.2785281112	7878.17471070465
2004.37516070408	7889.33188424131
2004.47179329696	7901.83900055002
2004.56842588984	7920.24311133265
2004.66505848273	7943.84263247107
2004.76169107561	7973.34449417581
2004.85832366849	8007.15248938495
2004.95495626137	8048.36541977838
2005.05158885425	8090.0645409921
2005.14822144713	8137.01006302297
2005.24485404001	8190.30531637817
2005.34148663289	8250.27776941886
2005.43811922577	8315.48465503579
2005.53475181866	8383.7215332434
2005.63138441154	8458.06610112742
2005.72801700442	8537.36610257687
2005.8246495973	8537.36610257687
2005.92128219018	8537.36610257687
2006.01791478306	8537.36610257687
2006.11454737594	8537.36610257687
2006.21117996883	8538.55466476826
2006.30781256171	8542.92088447404
2006.40444515459	8549.63978860133
2006.50107774747	8558.13162395807
2006.59771034035	8577.06129133406
2006.69434293323	8581.2683670614
2006.79097552611	8585.4256923451
2006.88760811899	8589.52869957899
2006.98424071187	8593.57247981259
2007.08087330476	8598.74391952804
2007.17750589764	8607.16948552809
2007.27413849052	8615.22843867731
2007.3707710834	8627.50093197828
2007.46740367628	8646.88062098814
2007.56403626916	8674.19791536041
2007.66066886204	8688.56694706454
2007.75730145493	8703.57322445524
2007.85393404781	8725.28176267692
2007.95056664069	8750.57890196526
2008.04719923357	8784.19024802314
2008.14383182645	8822.21769917158
2008.24046441933	8858.03399031516
2008.33709701221	8900.77691064538
2008.43372960509	8956.98492179363
2008.53036219798	9034.10515675969
2008.62699479086	9132.90904120097
2008.72362738374	9271.03461605159
2008.82025997662	9423.35237028209
2008.9168925695	9589.9858069903
2009.01352516238	9756.29051847557
2009.11015775526	9920.92832609597
2009.20679034814	10067.8286592618
2009.30342294103	10178.2784690743
2009.40005553391	10250.1055323055
2009.49668812679	10287.9902637287
2009.59332071967	10304.555259104
2009.68995331255	10308.4960040478
2009.78658590543	10310.0255619236
2009.88321849831	10317.7657747581
2009.97985109119	10342.6603354663
2010.07648368408	10412.3458684358
2010.17311627696	10512.6513348783
2010.26974886984	10634.5183543563
2010.36638146272	10791.4266895343
2010.4630140556	10980.9714550795
2010.55964664848	11195.0406416912
2010.65627924136	11434.1070614617
2010.75291183424	11697.223498494
2010.84954442713	11982.3369915332
2010.94617702001	12282.202419933
2011.04280961289	12592.3382026177
2011.13944220577	12909.4112644967
2011.23607479865	13228.8061494495
2011.33270739153	13550.2221382635
2011.42933998441	13868.1256619695
2011.52597257729	14183.1940666622
2011.62260517018	14497.3833778165
2011.71923776306	14811.2865876327
2011.81587035594	15119.8168317235
2011.91250294882	15420.8916919744
2012.0091355417	15715.4079216605
2012.10576813458	16000.4844259368
2012.20240072746	16273.8903741422
2012.29903332034	16533.7958898122
2012.39566591323	16778.1104593972
2012.49229850611	16778.1104593972
2012.58893109899	16778.1104593972
2012.68556369187	16778.1104593972
2012.78219628475	16778.1104593972
2012.87882887763	16778.1104593972
2012.97546147051	16778.1104593972
2013.07209406339	16778.1104593972
2013.16872665628	16778.1104593972
2013.26535924916	16778.1104593972
2013.36199184204	16778.1104593972
2013.45862443492	16778.1104593972
2013.5552570278	16778.1104593972
2013.65188962068	16778.1104593972
2013.74852221356	16778.1104593972
2013.84515480644	16778.1104593972
2013.94178739932	16778.1104593972
2014.03841999221	16778.1104593972
2014.13505258509	16778.1104593972
2014.23168517797	16778.1104593972
2014.32831777085	16778.1104593972
2014.42495036373	16778.1104593972
2014.52158295661	16778.1104593972
2014.61821554949	16778.1104593972
2014.71484814238	16778.1104593972
2014.81148073526	16778.1104593972
2014.90811332814	16778.1104593972
2015.00474592102	16778.1104593972
2015.1013785139	16778.1104593972
2015.19801110678	16778.1104593972
2015.29464369966	16778.1104593972
2015.39127629254	16778.1104593972
2015.48790888542	16778.1104593972
2015.58454147831	16778.1104593972
2015.68117407119	16778.1104593972
2015.77780666407	16778.1104593972
2015.87443925695	16778.1104593972
2015.97107184983	16778.1104593972
2016.06770444271	16778.1104593972
2016.16433703559	16778.1104593972
2016.26096962848	16778.1104593972
2016.35760222136	16778.1104593972
2016.45423481424	16778.1104593972
2016.55086740712	16778.1104593972
2016.6475	16778.1104593972
