time	distance
1999.65704213177	0
1999.74199442111	0
1999.82694671045	0
1999.91189899979	0
1999.99685128913	0
2000.08180357848	0
2000.16675586782	0
2000.25170815716	0
2000.3366604465	0
2000.42161273584	36.8354261645267
2000.50656502518	87.2906244940282
2000.59151731452	143.762242292213
2000.67646960386	185.074439813215
2000.7614218932	224.737585612548
2000.84637418255	261.245427551985
2000.93132647189	295.674370913861
2001.01627876123	324.595556879224
2001.10123105057	356.917247285332
2001.18618333991	395.380610036827
2001.27113562925	438.72399761024
2001.35608791859	487.183886060837
2001.44104020793	522.590078988173
2001.52599249728	573.021712868179
2001.61094478662	621.334738307732
2001.69589707596	682.212668775458
2001.7808493653	720.645076686834
2001.86580165464	763.812639908617
2001.95075394398	804.571854494487
2002.03570623332	868.297000758454
2002.12065852266	913.854382448815
2002.205610812	963.201892853743
2002.29056310135	1016.63818056772
2002.37551539069	1073.50221338897
2002.46046768003	1133.31204378753
2002.54541996937	1200.58981169138
2002.63037225871	1272.26597440787
2002.71532454805	1336.17822841317
2002.80027683739	1406.07478438072
2002.88522912673	1496.04130031521
2002.97018141607	1596.11947716214
2003.05513370542	1688.02886400386
2003.14008599476	1765.80961857453
2003.2250382841	1823.31917268187
2003.30999057344	1931.98431259451
2003.39494286278	2094.0202829667
2003.47989515212	2336.07700257661
2003.56484744146	2634.83035443386
2003.6497997308	2939.07757801603
2003.73475202015	3249.18281114352
2003.81970430949	3560.92747998982
2003.90465659883	3843.68950048372
2003.98960888817	4143.03674607354
2004.07456117751	4462.39989226365
2004.15951346685	4782.92588364001
2004.24446575619	5100.21812579591
2004.32941804553	5427.7228840334
2004.41437033487	5763.57012802775
2004.49932262422	6088.31798196892
2004.58427491356	6420.38721483159
2004.6692272029	6743.22522187865
2004.75417949224	7066.12629146088
2004.83913178158	7399.12187447276
2004.92408407092	7726.11283859176
2005.00903636026	8063.6023750544
2005.0939886496	8398.96227846745
2005.17894093894	8721.74885761105
2005.26389322829	9046.91660532687
2005.34884551763	9375.82470432591
2005.43379780697	9691.70902385006
2005.51875009631	10009.2669790675
2005.60370238565	10341.5700852771
2005.68865467499	10653.7532049412
2005.77360696433	10971.0318305888
2005.85855925367	11293.6431464219
2005.94351154302	11598.341575572
2006.02846383236	11892.1807920382
2006.1134161217	12193.5694092472
2006.19836841104	12193.5694092472
2006.28332070038	12193.5694092472
2006.36827298972	12193.5694092472
2006.45322527906	12193.5694092472
2006.5381775684	12193.5694092472
2006.62312985774	12193.5694092472
2006.70808214709	12193.5694092472
2006.79303443643	12193.5694092472
2006.87798672577	12193.5694092472
2006.96293901511	12193.5694092472
2007.04789130445	12193.5694092472
2007.13284359379	12193.5694092472
2007.21779588313	12193.5694092472
2007.30274817247	12193.5694092472
2007.38770046181	12193.5694092472
2007.47265275116	12193.5694092472
2007.5576050405	12193.5694092472
2007.64255732984	12193.5694092472
2007.72750961918	12193.5694092472
2007.81246190852	12193.5694092472
2007.89741419786	12193.5694092472
2007.9823664872	12193.5694092472
2008.06731877654	12193.5694092472
2008.15227106589	12193.5694092472
2008.23722335523	12193.5694092472
2008.32217564457	12193.5694092472
2008.40712793391	12193.5694092472
2008.49208022325	12193.5694092472
2008.57703251259	12193.5694092472
2008.66198480193	12193.5694092472
2008.74693709127	12193.5694092472
2008.83188938061	12193.5694092472
2008.91684166996	12193.5694092472
2009.0017939593	12193.5694092472
2009.08674624864	12193.5694092472
2009.17169853798	12193.5694092472
2009.25665082732	12193.5694092472
2009.34160311666	12193.5694092472
2009.426555406	12193.5694092472
2009.51150769534	12193.5694092472
2009.59645998468	12193.5694092472
2009.68141227403	12193.5694092472
2009.76636456337	12193.5694092472
2009.85131685271	12193.5694092472
2009.93626914205	12193.5694092472
2010.02122143139	12193.5694092472
2010.10617372073	12193.5694092472
2010.19112601007	12193.5694092472
2010.27607829941	12193.5694092472
2010.36103058875	12193.5694092472
2010.4459828781	12193.5694092472
2010.53093516744	12193.5694092472
2010.61588745678	12193.5694092472
2010.70083974612	12193.5694092472
2010.78579203546	12193.5694092472
2010.8707443248	12193.5694092472
2010.95569661414	12193.5694092472
2011.04064890348	12193.5694092472
2011.12560119283	12193.5694092472
2011.21055348217	12193.5694092472
2011.29550577151	12193.5694092472
2011.38045806085	12193.5694092472
2011.46541035019	12193.5694092472
2011.55036263953	12193.5694092472
2011.63531492887	12193.5694092472
2011.72026721821	12193.5694092472
2011.80521950755	12193.5694092472
2011.8901717969	12193.5694092472
2011.97512408624	12193.5694092472
2012.06007637558	12193.5694092472
2012.14502866492	12193.5694092472
2012.22998095426	12193.5694092472
2012.3149332436	12193.5694092472
2012.39988553294	12193.5694092472
2012.48483782228	12193.5694092472
2012.56979011162	12193.5694092472
2012.65474240097	12193.5694092472
2012.73969469031	12193.5694092472
2012.82464697965	12193.5694092472
2012.90959926899	12193.5694092472
2012.99455155833	12193.5694092472
2013.07950384767	12193.5694092472
2013.16445613701	12193.5694092472
2013.24940842635	12193.5694092472
2013.3343607157	12193.5694092472
2013.41931300504	12193.5694092472
2013.50426529438	12193.5694092472
2013.58921758372	12193.5694092472
2013.67416987306	12193.5694092472
2013.7591221624	12193.5694092472
2013.84407445174	12193.5694092472
2013.92902674108	12193.5694092472
2014.01397903042	12193.5694092472
2014.09893131977	12193.5694092472
2014.18388360911	12193.5694092472
2014.26883589845	12193.5694092472
2014.35378818779	12193.5694092472
2014.43874047713	12193.5694092472
2014.52369276647	12193.5694092472
2014.60864505581	12193.5694092472
2014.69359734515	12193.5694092472
2014.77854963449	12193.5694092472
2014.86350192384	12193.5694092472
2014.94845421318	12193.5694092472
2015.03340650252	12193.5694092472
2015.11835879186	12193.5694092472
2015.2033110812	12193.5694092472
2015.28826337054	12193.5694092472
2015.37321565988	12193.5694092472
2015.45816794922	12193.5694092472
2015.54312023857	12193.5694092472
2015.62807252791	12193.5694092472
2015.71302481725	12193.5694092472
2015.79797710659	12193.5694092472
2015.88292939593	12193.5694092472
2015.96788168527	12193.5694092472
2016.05283397461	12193.5694092472
2016.13778626395	12193.5694092472
2016.22273855329	12193.5694092472
2016.30769084264	12193.5694092472
2016.39264313198	12193.5694092472
2016.47759542132	12193.5694092472
2016.56254771066	12193.5694092472
2016.6475	12193.5694092472
