time	distance
1973.61609239111	0
1974.0999314672	0.00153410129160259
1974.58377054329	0.00306825505422212
1975.06760961938	0.00460246127043128
1975.55144869547	0.00613671992722622
1976.03528777155	0.0076710310110212
1976.51912684764	0.00920539450764868
1977.00296592373	0.0107398104027799
1977.48680499982	0.0122742786831341
1977.97064407591	0.013808799332629
1978.454483152	0.0153433723387898
1978.93832222809	0.0168779976857602
1979.42216130418	0.0184126753613565
1979.90600038027	0.0199474053502231
1980.38983945635	0.0214821876385423
1980.87367853244	0.0230170222117579
1981.35751760853	0.0245519090560959
1981.84135668462	0.0260868481571246
1982.32519576071	0.0276218395010837
1982.8090348368	0.0291568830733153
1983.29287391289	0.0306919788601091
1983.77671298898	0.0322271268469363
1984.26055206507	0.0337623270201091
1984.74439114115	0.0352975793650638
1985.22823021724	0.0368328838676484
1985.71206929333	0.0383682405139238
1986.19590836942	0.0399036492894451
1986.67974744551	0.0414391101804467
1987.1635865216	0.0429746231725658
1987.64742559769	0.0445101882516572
1988.13126467378	0.0460458054034637
1988.61510374987	0.0475814746141099
1989.09894282595	0.0491171958693084
1989.58278190204	0.0506529691549574
1990.06662097813	0.0521887944566827
1990.55046005422	0.0537246717605496
1991.03429913031	0.0552606010524305
1991.5181382064	0.0597740785229218
1992.00197728249	0.0645652010914586
1992.48581635858	0.0693569390904792
1992.96965543467	0.0753122444168534
1993.45349451075	0.0844604734180613
1993.93733358684	0.0936085824608515
1994.42117266293	0.102756570715743
1994.90501173902	0.1119044373476
1995.38885081511	0.121052181522697
1995.8726898912	0.131622805621352
1996.35652896729	0.155847108164044
1996.84036804338	1.3506397785412
1997.32420711947	1.93308179801582
1997.80804619556	1.97935234972224
1998.29188527164	3.84021415515856
1998.77572434773	3.93055630407295
1999.25956342382	4.69261529242515
1999.74340249991	6.5195684858303
2000.227241576	11.2745581121008
2000.71108065209	15.172379024517
2001.19491972818	23.7020757659579
2001.67875880427	33.6771452349076
2002.16259788036	39.6375725887493
2002.64643695644	46.0306949317376
2003.13027603253	61.7110334038318
2003.61411510862	80.0429421747595
2004.09795418471	100.405899474122
2004.5817932608	151.817563781932
2005.06563233689	201.123452597911
2005.54947141298	279.721827070595
2006.03331048907	374.199606173349
2006.51714956516	556.714833371933
2007.00098864124	784.596187918259
2007.48482771733	1167.28220383648
2007.96866679342	1395.99637687318
2008.45250586951	1566.91690682515
2008.9363449456	1686.00927786285
2009.42018402169	1770.13290539526
2009.90402309778	1843.27204504848
2010.38786217387	1893.59357997127
2010.87170124996	1933.76864295214
2011.35554032604	1960.34637147906
2011.83937940213	1988.38142005998
2012.32321847822	2015.07231226294
2012.80705755431	2045.17037175573
2013.2908966304	2088.23333564106
2013.77473570649	2146.23089602355
2014.25857478258	2228.05549311498
2014.74241385867	2383.10304553847
2015.22625293476	2619.9337075977
2015.71009201084	3195.22048836066
2016.19393108693	4047.05356346177
2016.67777016302	5200.34757811812
2017.16160923911	6531.26434753796
2017.6454483152	7853.06232671276
2018.12928739129	9114.72636414105
2018.61312646738	9815.85400261324
2019.09696554347	10157.1585976779
2019.58080461956	10420.769029656
2020.06464369564	10420.769029656
2020.54848277173	10420.769029656
2021.03232184782	10420.769029656
2021.51616092391	10420.769029656
2022	10420.769029656
