time	distance
1973.61609239111	0
1974.0999314672	0
1974.58377054329	0
1975.06760961938	0
1975.55144869547	0
1976.03528777155	0
1976.51912684764	0
1977.00296592373	0
1977.48680499982	0
1977.97064407591	0
1978.454483152	0
1978.93832222809	0
1979.42216130418	0
1979.90600038027	0
1980.38983945635	0
1980.87367853244	0
1981.35751760853	0
1981.84135668462	0
1982.32519576071	0
1982.8090348368	0
1983.29287391289	0
1983.77671298898	0
1984.26055206507	0
1984.74439114115	0
1985.22823021724	0
1985.71206929333	0
1986.19590836942	0
1986.67974744551	0
1987.1635865216	0
1987.64742559769	0
1988.13126467378	0
1988.61510374987	0
1989.09894282595	0
1989.58278190204	0
1990.06662097813	0
1990.55046005422	0
1991.03429913031	0
1991.5181382064	0
1992.00197728249	0
1992.48581635858	0
1992.96965543467	0
1993.45349451075	0
1993.93733358684	0
1994.42117266293	0
1994.90501173902	0
1995.38885081511	0
1995.8726898912	0
1996.35652896729	0
1996.84036804338	0
1997.32420711947	0
1997.80804619556	0
1998.29188527164	0
1998.77572434773	0
1999.25956342382	0
1999.74340249991	0
2000.227241576	0
2000.71108065209	0
2001.19491972818	0
2001.67875880427	0
2002.16259788036	0
2002.64643695644	0
2003.13027603253	0
2003.61411510862	0
2004.09795418471	0
2004.5817932608	0
2005.06563233689	0
2005.54947141298	0
2006.03331048907	0
2006.51714956516	10.9167438875213
2007.00098864124	207.441025497585
2007.48482771733	1736.2393220714
2007.96866679342	1866.90197805886
2008.45250586951	1903.49973587588
2008.9363449456	1919.33501264935
2009.42018402169	1932.02781912459
2009.90402309778	1946.45027792567
2010.38786217387	1953.7773072994
2010.87170124996	1962.08249380734
2011.35554032604	1973.1424364683
2011.83937940213	1984.58617072138
2012.32321847822	1995.3378326127
2012.80705755431	2010.40480227578
2013.2908966304	2028.90739499012
2013.77473570649	2063.64475654592
2014.25857478258	2092.63117480946
2014.74241385867	2155.58764707101
2015.22625293476	2313.97015027705
2015.71009201084	2723.57912224546
2016.19393108693	3303.25364514394
2016.67777016302	4067.78369700308
2017.16160923911	6528.00292583636
2017.6454483152	8155.53563259653
2018.12928739129	9370.72566471066
2018.61312646738	9994.21921045663
2019.09696554347	10313.8559316729
2019.58080461956	10571.6308190532
2020.06464369564	10571.6308190532
2020.54848277173	10571.6308190532
2021.03232184782	10571.6308190532
2021.51616092391	10571.6308190532
2022	10571.6308190532
