time	velocity	number_of_branches
1973.85801192915	2.0143290374664	0
1974.34185100524	NA	0
1974.82569008133	NA	0
1975.30952915742	NA	0
1975.79336823351	NA	0
1976.2772073096	NA	0
1976.76104638569	NA	0
1977.24488546178	NA	0
1977.72872453787	NA	0
1978.21256361395	NA	0
1978.69640269004	NA	0
1979.18024176613	NA	0
1979.66408084222	NA	0
1980.14791991831	NA	0
1980.6317589944	NA	0
1981.11559807049	NA	0
1981.59943714658	NA	0
1982.08327622267	NA	0
1982.56711529875	NA	0
1983.05095437484	NA	0
1983.53479345093	NA	0
1984.01863252702	NA	0
1984.50247160311	NA	0
1984.9863106792	NA	0
1985.47014975529	NA	0
1985.95398883138	NA	0
1986.43782790747	NA	0
1986.92166698355	NA	0
1987.40550605964	NA	0
1987.88934513573	NA	0
1988.37318421182	NA	0
1988.85702328791	NA	0
1989.340862364	NA	0
1989.82470144009	NA	0
1990.30854051618	NA	0
1990.79237959227	3.85568034316914	0
1991.27621866835	3.85597831607524	0
1991.76005774444	NA	0
1992.24389682053	NA	0
1992.72773589662	5.14847626378323	0
1993.21157497271	5.14809993992587	0
1993.6954140488	NA	0
1994.17925312489	NA	0
1994.66309220098	NA	0
1995.14693127707	2.00250985454047	0
1995.63077035315	2.18356609172247	0
1996.11460942924	2.22463423724252	0
1996.59844850533	2.26487857579421	0
1997.08228758142	25.8797716678171	0
1997.56612665751	15.9508407684341	0
1998.0499657336	8.7053871893719	0
1998.53380480969	13.1115540506481	0
1999.01764388578	28.7952830039134	0
1999.50148296187	16.516585151189	0
1999.98532203796	46.7506643985004	0
2000.46916111404	26.8077314649393	0
2000.95300019013	32.4502223622012	0
2001.43683926622	21.7247901980754	0
2001.92067834231	21.726439969912	0
2002.4045174184	46.2811740172901	0
2002.88835649449	44.5962868500689	0
2003.37219557058	40.8451787107154	0
2003.85603464667	134.781482014956	0
2004.33987372276	192.567921339033	0
2004.82371279884	308.480906916761	0
2005.30755187493	301.394859825281	0
2005.79139095102	416.882686779239	0
2006.27523002711	522.333306978349	0
2006.7590691032	541.12845933439	2
2007.24290817929	381.447360357193	3
2007.72674725538	339.48831602455	2
2008.21058633147	383.808335141361	0
2008.69442540756	589.432072079726	0
2009.17826448364	409.025894991131	0
2009.66210355973	278.980512241287	0
2010.14594263582	64.1840690022155	0
2010.62978171191	36.92859054392	0
2011.113620788	29.5823147487322	0
2011.59745986409	32.1944075094667	0
2012.08129894018	39.5238278361494	0
2012.56513801627	46.820938465824	3
2013.04897709236	61.220954354541	3
2013.53281616844	91.9843055636284	3
2014.01665524453	109.526491785744	4
2014.50049432062	174.03630464296	7
2014.98433339671	257.502981059454	15
2015.4681724728	297.061899928671	31
2015.95201154889	306.458288044745	32.5
2016.43585062498	298.689088270983	25
2016.91968970107	312.825896746158	26
2017.40352877716	266.184326119047	23
2017.88736785324	251.152971909109	24
2018.37120692933	160.013789011908	24
2018.85504600542	82.142495003676	23
2019.33888508151	69.6964250242355	16
2019.8227241576	85.1456352312166	15
2020.30656323369	93.9195670226194	18
2020.79040230978	98.587293001547	38
2021.27424138587	106.301753557325	36
2021.75808046196	88.4309251583651	20
