mean_branch_dispersal_velocity	weighted_branch_dispersal_velocity	branch_dispersal_velocity_variation_among_branches	original_diffusion_coefficient	weighted_diffusion_coefficient	diffusion_coefficient_variation_among_branches
1.38742745892813	0.305249012162658	2.20584186232728	0.890450778284125	1.3317300183198	3.62084848687368
9.6982992923119	0.342448866023125	3.49754204634625	1.38576615167908	1.79477010203579	2.53513314342069
3.75628962914606	0.255929973745994	3.0048178738355	1.72490512616515	0.984603360671289	3.51002934692333
6.74181932316002	0.395097120916668	4.41495328190344	1.23752080569784	2.49017303784251	3.4779675875154
5.22998687805381	0.22256838610908	4.29484821743259	1.98803726903286	0.867514856089619	5.32234764456204
32.1971632225034	0.328742911034368	7.55121657310944	0.883360966251539	1.49507130928507	2.53932121525255
3.87086579125057	0.367334461577061	2.60243284914305	1.25493176196157	1.94491214019788	2.98191326972351
7.4452631695966	0.463204106579423	2.90501613382098	3.07674242960293	2.62063034085159	4.40558314811675
5.32679535584885	0.393549330439107	4.62800203451771	1.46578437382947	3.04920881347173	3.99923715772805
5.49229638917101	0.326913621409102	4.00768912608693	0.95225365632383	1.80811342737102	3.54944624929744
4.09326113869227	0.379136378310367	2.76417351594473	1.47406859158263	2.02361840687993	2.33884283083371
3.81810946801943	0.314785564485929	5.92482042969089	0.920321277808694	1.57980145241477	2.33546767672039
11.3579530484557	0.30719359007346	5.71883384777616	1.15767771978237	1.24071501250348	2.62786143862445
5.19528231075526	0.398645679169695	3.0866032725197	1.40858166572341	2.52410901433116	3.16850870487736
5.00999727120158	0.384830735215514	4.5278805467442	1.20127167426246	2.5526076195412	2.89523791209192
7.48046762400422	0.435915447285269	5.72738787062292	1.64322041189838	2.92820669871163	4.10789932569324
17.6129682612959	0.32061610292146	6.4476750186944	1.16607519734117	1.29879979895539	2.56045095572
2.36532846205089	0.398657208114113	2.15276572889734	1.00974934646559	2.32947945822793	2.83806151029744
2.36853822786839	0.294496449491722	3.057104030046	0.650700955645363	1.44575599477006	2.65190569861381
5.33457024117152	0.42802825560622	2.94492908264129	1.0645513341156	1.8111966673019	2.17923957627943
4.66073602867006	0.299579114600895	3.24213951988784	0.898326422264477	1.22393318426378	2.37330965213027
3.96259481819925	0.326085266617995	2.60824460483522	0.958814390523578	1.36797674304148	2.84908063278682
2.93462190762488	0.330528169992323	3.20084875500713	0.862374366431489	1.5282159999711	2.76068574384722
1.67652242009239	0.258388300551538	2.616951036602	0.74264346572044	0.984101291197779	1.97809839267014
2.15579407584171	0.428838615466392	2.33511195395891	1.67460072560143	3.428758133303	3.27761596168172
8.13947164705595	0.349425433513792	3.07622823460021	1.29979550554956	1.25004184918046	2.36124949820914
6.43161293234641	0.499639019826821	4.51099616615337	2.07446134497801	3.54499343735762	4.10436584826983
17.2426784261066	0.457825351830146	5.44622656317898	2.23109378999592	2.49799641435156	3.12645852707579
2.10440113856575	0.263546533298691	1.94955687065579	0.870657838299468	1.13475289464668	2.51899904085505
5.02317920915868	0.304842387622741	2.84192474718294	0.729676362345996	1.16473954063321	2.22543090883688
3.90530537363264	0.222484631949638	3.46614678261621	0.648777636486197	1.10895462702048	2.50148277054085
3.11724987730766	0.191189774249211	3.33020092052452	0.860941968992093	0.572945867522857	3.57307667813749
7.01111793870172	0.286786397401898	4.38267488120284	0.686072991857324	1.18854470969783	1.99605150704949
3.97584041808466	0.34904325632475	2.316216138757	1.21724331489002	1.5519063751467	2.28140473071916
20.2606118082836	0.458285366876292	7.38403640478249	1.54246442611509	2.38138642033234	2.61693010415276
6.86193459858125	0.260052362138636	4.08798936539094	0.864124220481373	1.11628748522651	2.26472185851042
4.4164445720056	0.408114889364403	2.14653390681347	1.12812684047582	1.85462969534626	1.90674032154179
7.29105924523648	0.405967333878134	3.25554893775683	1.10791821238705	2.20420080895547	3.01310029281475
2.37899001227862	0.297953688923606	2.36855324297767	0.585089830392208	1.4360237814224	2.04317012306191
7.88648837100201	0.225119997795223	5.89721256144533	0.710821132915711	0.722538452519562	2.22628361620819
3.18583068962111	0.314722823791281	2.15731158271221	1.12065318328945	1.35038900065641	2.46035640413209
1.59326624695424	0.299221822911894	2.58831667997656	0.751757147928111	1.71414046314946	2.24205004954501
11.5020543765945	0.364858911826965	5.86905628956936	2.47794745190071	2.62157009744702	4.85026161449307
1.95095333770036	0.46442140496162	1.46350427864373	1.39621527073332	3.23571162544178	2.86218217454973
3.29684814860122	0.383668065318486	2.68576933156939	1.11699672002873	1.95762782495723	2.31464372498676
2.64979553411419	0.391503680602435	2.5044391059986	1.16213539100388	3.10248165572238	3.52120258412019
3.9909255724426	0.18537265642966	3.34340159485526	0.519854389061306	0.747647310690387	2.72221123770782
2.52695803264233	0.431576706401508	2.19634815520091	1.56324954905425	2.16924373798596	3.52311796340548
1.79309466518754	0.354167914436829	1.77747090564274	1.05614776521389	1.50293249457384	3.84415077813214
2.93294047155709	0.311590551263711	2.89719155494876	0.711385830382819	1.7828455377563	3.04594730527488
2.27230751276182	0.246450550815994	2.50604043355871	0.634661534713995	0.920405026633364	2.17241456881403
14.0888345304342	0.431968923158748	3.79643921916376	1.20795912371914	2.40053391587226	2.62295455522818
5.14927291411244	0.326989416333765	3.77056130119761	0.900680144516143	1.42319575726448	2.71639551764907
21.7365489195409	0.279031512927889	5.77525230170191	1.37266090858926	1.12939147580733	3.38125383472265
2.06058625160675	0.241546653871249	2.01559848052201	0.623072998333559	0.876724702382688	2.44645278842992
4.95836478876919	0.270782047237641	3.6165634131567	0.66256082437356	0.888727436073455	1.99665122688055
7.98726651144853	0.386682393097597	4.23159214650033	1.43322465810263	1.28463064782326	2.11568020073669
5.43424118790863	0.330977510510731	4.11376101400057	1.21812026912405	1.97531482898507	2.9482352172877
4.02853395282309	0.384368588213183	3.10925667927238	2.49648694668856	1.56962097828385	6.15351521665653
226.603185701637	0.396939753028083	7.71189180815103	43.9768910255085	1.42456286972899	7.54138515113802
14.5970271042481	0.410067395256902	6.21709111216264	2.62259099798192	2.74806967765099	7.40532647490479
2.70996937649073	0.289842434143952	2.42992214362191	0.710676347054727	1.07846372318025	2.93971512699334
3.73641097202205	0.217958170916339	2.994826260911	0.848212016266823	0.812759179412224	2.86686218220359
5.27950163776092	0.340538596120702	5.58750898606972	0.937828442488184	1.57886385684612	2.35655231913529
6.76674339229955	0.277399781192694	3.92754930477914	1.64281683969351	1.38099707066282	4.16043522185187
6.59027569157792	0.283597650938698	4.30144802624758	1.00332302505603	1.07056033905663	2.39049729204564
6.97355295086467	0.400427535885006	5.78871606267144	0.89180616315486	1.52438574973458	1.97497505820462
4.80125168652296	0.294705354693126	4.65562288899616	0.70979659682201	1.04302821689353	2.14028577518549
6.37906317445326	0.277226770082464	3.50864188585912	0.818806649714189	1.02433332920674	2.00849220276725
5.26988762987685	0.225334956706012	4.76103619086822	0.889927965421445	0.990313773986573	3.18404093588775
8.67106326204462	0.250977271812823	5.92117947417416	1.56620422271516	1.01365021198257	4.53297745012451
3.69072532789657	0.311648527541489	2.68423716958512	0.84804067817905	1.11775459277521	3.08743959098882
25.5689357082272	0.247228923669674	8.35265974451954	1.45840655839626	1.4705089966899	4.34500627584836
4.02636546338414	0.278199327296055	3.9078693417471	1.03112968522784	1.39037289576634	3.27878828480296
4.88851075463415	0.389914063750349	3.18720610499307	0.970938109940226	1.96824190391073	2.25272606977473
4.11749341563772	0.406857612428297	1.8927680132027	1.9047573423268	1.74376499984196	2.73730631279333
3.38040231097009	0.297996508431482	3.07703762323692	0.710231730628796	1.20834080085871	2.04575374946605
3.24325482189902	0.361189037407646	3.57797923863704	0.933928518607159	1.43008518227355	2.07113297576834
4.38866990837051	0.270046188125882	3.64195562517649	0.875353092984665	0.880560986573129	3.9590823265338
7.37120830701209	0.440245121409213	6.60491008529992	1.38311150619733	2.10246882056916	2.00278807017607
2.91978445458948	0.268486956410891	3.93858298994155	0.625237083740214	1.14441535006863	2.18508297968581
5.39053509499043	0.434834788119367	2.99320123679502	1.57542208561542	2.27628865691223	3.41089623861292
6.24693460866349	0.243798161258159	3.88984459993529	0.784556966048144	0.938693867107694	2.2360418524084
5.04968129712919	0.289539579027816	3.01792702262714	1.04176521396812	1.07583317881512	3.11308822962326
33.5433966165857	0.219671928939245	7.7108280095657	21.7669385088518	0.836857032724466	7.79294805030904
5.0576786156422	0.37812835559036	2.7134013622198	1.52601570520604	1.51154199671202	3.0976955570207
6.77892737496925	0.330183402714036	3.01367090271967	1.07761720234737	1.21028167530209	1.9167994191617
6.40511172548273	0.259621907698654	3.88733407820411	0.496013684119141	0.81786157495352	2.0308573129162
11.8881352532311	0.26484089272329	3.58486618758439	0.987670304283781	1.27523286294669	2.2589030073564
4.42994389076295	0.216325396844903	4.79964144352426	0.668181800629173	0.825250914892048	2.29926091751771
2.31767531650546	0.265101645514451	3.03305800196746	0.95605881851336	1.76912269380229	3.53466488249869
2.62923133337617	0.340181231957749	1.92210969222998	0.851696093219278	1.48116943388789	2.83635087630669
2.83614372137539	0.334446190621756	2.6800923973103	1.00277926896624	1.56599782681263	2.04032358661704
5.0081370387891	0.356828781015746	3.80712181481553	1.60961407598225	2.13710371166791	3.05658556271712
3.87955487034236	0.32144750612363	4.0789573940827	0.745462046373396	1.2186467301554	2.36172203769283
15.1810796277301	0.326392353550264	8.09484307159391	4.36050752420249	1.37004571463332	7.71888855044388
4.96533516351246	0.420941116626283	2.76615639097656	0.892673906096327	2.0274127930229	2.47678921610492
2.74252351309988	0.217508930376812	4.06990273307972	1.00816616390129	0.74861072777989	4.83796412975701
3.54321768655033	0.445005748168412	2.08188065546632	1.28913518799738	1.84244475804297	2.23187735177301
4.1670588349414	0.286540244713689	2.84772755723182	1.17125457659618	1.65027535926042	3.29872988561162
