time	distance_tree890000	distance_tree1190000	distance_tree1490000	distance_tree1790000	distance_tree2090000	distance_tree2390000	distance_tree2690000	distance_tree2990000	distance_tree3290000	distance_tree3590000	distance_tree3890000	distance_tree4190000	distance_tree4490000	distance_tree4790000	distance_tree5090000	distance_tree5390000	distance_tree5690000	distance_tree5990000	distance_tree6290000	distance_tree6590000	distance_tree6890000	distance_tree7190000	distance_tree7490000	distance_tree7790000	distance_tree8090000	distance_tree8390000	distance_tree8690000	distance_tree8990000	distance_tree9290000	distance_tree9590000	distance_tree9890000	distance_tree10190000	distance_tree10490000	distance_tree10790000	distance_tree11090000	distance_tree11390000	distance_tree11690000	distance_tree11990000	distance_tree12290000	distance_tree12590000	distance_tree12890000	distance_tree13190000	distance_tree13490000	distance_tree13790000	distance_tree14090000	distance_tree14390000	distance_tree14690000	distance_tree14990000	distance_tree15290000	distance_tree15590000	distance_tree15890000	distance_tree16190000	distance_tree16490000	distance_tree16790000	distance_tree17090000	distance_tree17390000	distance_tree17690000	distance_tree17990000	distance_tree18290000	distance_tree18590000	distance_tree18890000	distance_tree19190000	distance_tree19490000	distance_tree19790000	distance_tree20090000	distance_tree20390000	distance_tree20690000	distance_tree20990000	distance_tree21290000	distance_tree21590000	distance_tree21890000	distance_tree22190000	distance_tree22490000	distance_tree22790000	distance_tree23090000	distance_tree23390000	distance_tree23690000	distance_tree23990000	distance_tree24290000	distance_tree24590000	distance_tree24890000	distance_tree25190000	distance_tree25490000	distance_tree25790000	distance_tree26090000	distance_tree26390000	distance_tree26690000	distance_tree26990000	distance_tree27290000	distance_tree27590000	distance_tree27890000	distance_tree28190000	distance_tree28490000	distance_tree28790000	distance_tree29090000	distance_tree29390000	distance_tree29690000	distance_tree29990000	distance_tree30290000	distance_tree30590000
1636.23380553782	0	0	0	0	0	0	0	0	0	0	0	0	0	0	0	0	0	0	0	0	0	0	0	0	0	0	0	0	0	0	0	0	0	0	0	0	0	0	0	0	0	0	0	0	0	0	0	0	0	0	0	0	0	0	0	0	0	0	0	0	0	0	0	0	0	0	0	0	0	0	0	0	0	0	0	0	0	0	0	0	0	0	0	0	0	0	0	0	0	0	0	0	0	0	0	0	0	0	0	0
1639.99734179938	0	0	0	0	0	0	0	0	0	0	0	0	0	0	0	0	0	0	0	0	0	0	0	0	0	0	0	0	0	0	0	0	0	0	0	0	0	0	0	0	0	0	0	0	0	0	0.683681525712514	0	0	0	0	0	0	0	0	0	0	0	0	0	0	0	0	0	0	0	0	0	0	0	0	0	0	0	0	0	0	0	0	0	0	0	0	0	0	0	0	0	0	0	0	0	0	0	0	0	0	0	0	0
1643.76087806094	0	0	0	0	0	0	0	0	0	0	0	0	0	0	0	0	0	0	0	0	0	0	0	0	0	0	0	0	0	0	0	0	0	0	0	0	0	0	0	0	0	0	0	0	0	0	1.36736404437894	0	0	0	0	0	0	0	0	0	0	0	0	0	0	0	0	0	0	0	0	0	0	0	0	0	0	0	0	0	0	0	0	0	0	0	0	0	0	0	0	0	0	0	0	0	0	0	0	0	0	0	0	0
1647.5244143225	0	0	0	0	0	0	0	0	0	0	0	0	0	0	0	0	0	0	0	0	0	0	0	0	0	0	0	0	0	0	0	0	0	0	0	0	0	0	0	0	0	0	0	0	0	0	2.0510475051092	0	0	0	0	0	0	0	0	0	0	0	0	0	0	0	0	0	0	0	0	0	0	0	0	0	0	0	0	0	0	0	0	0	0	0	0	0	0	0	0	0	0	0	0	0	0	0	0	0	0	0	0	0
1651.28795058407	0	0	0	0	0	0	0	0	0	0	0	0	0	0	0	0	0	0	0	0	0	0	0	0	0	0	0	0	0	0	0	0	0	0	0	0	0	0	0	0	0	0	0	0	0	0	2.73473192638255	0	0	0	0	0	0	0	0	0	0	0	0	0	0	0	0	0	0	0	0	0	0	0	0	0	0	0	0	0	0	0	0	0	0	0	0	0	0	0	0	0	0	0	0	0	0	0	0	0	0	0	0	0
1655.05148684563	0	0	0	0	0	0	0	0	0	0	0	0	0	0	0	0	0	0	0	0	0	0	0	0	0	0	0	0	0	0	0	0	0	0	0	0	0	0	0	0	0	0	0	0	0	0	3.41841730950111	0	0	0	0	0	0	0	0	0	0	0	0	0	0	0	0	0	0	0	0	0	0	0	0	0	0	0	0	0	0	0	0	0	0	0	0	0	0	0	0	0	0	0	0	0	0	0	0	0	0	0	0	0
1658.81502310719	0	0	0	0	0	0	0	0	0	0	0	0	0	0	0	0	0	0	0	0	0	0	0	0	0	0	0	0	0	0	0	0	0	0	0	0	0	0	0	0	0	0	0	0	0	0	4.10210364960087	0	0	0	0	0	0	0	0	0	0	0	0	0	0	0	0	0	0	0	0	0	0	0	0	0	0	0	0	0	0	0	0	0	0	0	0	0	0	0	0	0	0	0	0	0	0	0	0	0	0	0	0	0
1662.57855936875	0	0	0	0	0	0	0	0	0	0	0	0	0	0	0	0	0	0	0	0	0	0	0	0	0	0	0	0	0	0	0	0	0	0	0	0	0	0	0	0	0	0	0	0	0	0	4.78579095326926	0	0	0	0	0	0	0	0	0	0	0	0	0	0	0	0	0	0	0	0	0	0	0	0	0	0	0	0	0	0	0	0	0	0	0	0	0	0	0	0	0	0	0	0	0	0	0	0	0	0	0	0	0
1666.34209563031	0	0	0	0	0	0	0	0	0	0	0	0	0	0	0	0	0	0	0	0	0	0	0	0	0	0	0	0	0	0	0	0	0	0	0	0	0	0	0	0	0	0	0	0	0	0	5.46947921321991	0	0	0	0	0	0	0	0	0	0	0	0	0	0	0	0	0	0	0	0	0	0	0	0	0	0	0	0	0	0	0	0	0	0	0	0	0	0	0	0	0	0	0	0	0	0	0	0	0	0	0	0	0
1670.10563189188	0	0	0	0	0	0	0	0	0	0	0	0	0	0	0	0	0	0	0	0	0	0	0	0	0	0	0	0	0	0	0	0	0	0	0	0	0	0	0	0	0	0	0	0	0	0	6.15316843435193	0	0	0	0	0	0	0	0	0	0	0	0	0	0	0	0	0	0	0	0	0	0	0	0	0	0	0	0	0	0	0	0	0	0	0	0	0	0	0	0	0	0	0	0	0	0	0	0	0	0	0	0	0
1673.86916815344	0	0	0	0	0	0	0	0	0	0	0	0	0	0	0	0	0	0	0	0	0	0	0	0	0	0	0	0	0	0	0	0	0	0	0	0	0	0	0	0	0	0	0	0	0	0	6.83685861444406	0	0	0	0	0	0	0	0	0	0	0	0	0	0	0	0	0	0	0	0	0	0	0	0	0	0	0	0	0	0	0	0	0	0	0	0	0	0	0	0	0	0	0	0	0	0	0	0	0	0	0	0	0
1677.632704415	0	0	0	0	0	0	0	0	0	0	0	0	0	0	0	0	0	0	0	0	0	0	0	0	0	0	0	0	0	0	0	0	0	0	0	0	0	0	0	0	0	0	0	0	0	0	7.52054975399773	0	0	0	0	0	0	0	0	0	0	0	0	0	0	0	0	0	0	0	0	0	0	0	0	0	0	0	0	0	0	0	0	0	0	0	0	0	0	0	0	0	0	0	0	0	0	0	0	0	0	0	0	0
1681.39624067656	0	0	0	0	0	0	0	0	0	0	0	0	0	0	0	0	0	0	0	0	0	0	0	0	0	0	0	0	0	0	0	0	0	0	0	0	0	0	0	0	0	0	0	0	0	0	8.20424185290047	0	0	0	0	0	0	0	0	0	0	0	0	0	0	0	0	0	0	0	0	0	0	0	0	0	0	0	0	0	0	0	0	0	0	0	0	0	0	0	0	0	0	0	0	0	0	0	0	0	0	0	0	0
1685.15977693812	0	0	0	0	0	0	0	0	0	0	0	0	0	0	0	0	0	0	0	0	0	0	0	0	0	0	0	0	0	0	0	0	0	0	0	0	0	0	0	0	0	0	0	0	0	0	8.88793491117023	0	0	0	0	0	0	0	0	0	0	0	0	0	0	0	0	0	0	0	0	0	0	0	0	0	0	0	0	0	0	0	0	0	0	0	0	0	0	0	0	0	0	0	0	0	0	0	0	0	0	0	0	0
1688.92331319968	0	0	0	0	0	0	0	0	0	0	0	0	0	0	0	0	0	0	0	0	0	0	0	0	0	0	0	0	0	0	0	0	0	0	0	0	0	0	0	0	0	0	0	0	0	0	9.57162892843689	0	0	0	0	0	0	0	0	0	0	0	0	0	0	0	0	0	0	0	0	0	0	0	0	0	0	0	0	0	0	0	0	0	0	0	0	0	0	0	0	0	0	0	0	0	0	0	0	0	0	0	0	0
1692.68684946125	0	0	0	0	0	0	0	0	0	0	0	0	0	0	0	0	0	0	0	0	0	0	0	0	0	0	0	0	0	0	0	0	0	0	0	0	0	0	0	0	0	0	0	0	0	0	10.2553239045121	0	0	0	0	0	0	0	0	0	0	0	0	0	0	0	0	0	0	0	0	0	0	0	0	0	0	0	0	0	0	0	0	0	0	0	0	0	0	0	0	0	0	0	0	0	0	0	0	0	0	0	0	0
1696.45038572281	0	0	0	0	0	0	0	0	0	0	0	0	0	0	0	0	0	0	0	0	0	0	0	0	0	0	0	0	0	0	0	0	0	0	0	0	0	0	0	0	0	0	0	0	0	0	10.9390198397452	0	0	0	0	0	0	0	0	0	0	0	0	0	0	0	0	0	0	0	0	0	0	0	0	0	0	0	0	0	0	0	0	0	0	0	0	0	0	0	0	0	0	0	0	0	0	0	0	0	0	0	0	0
1700.21392198437	0	0	0	0	0	0	0	0	0	0	0	0	0	0	0	0	0	0	0	0	0	0	0	0	0	0	0	0	0	0	0	0	0	0	0	0	0	0	0	0	0	0	0	0	0	0	11.6227167336997	0	0	0	0	0	0	0	0	0	0	0	0	0	0	0	0	0	0	0	0	0	0	0	0	0	0	0	0	0	0	0	0	0	0	0	0	0	0	0	0	0	0	0	0	0	0	0	0	0	0	0	0	0
1703.97745824593	0	0	0	0	0	0	0	0	0	0	0	0	0	0	0	0	0	0	0	0	0	0	0	0	0	0	0	0	0	0	0	0	0	0	0	0	0	0	0	0	0	0	0	0	0	0	12.3064145868391	0	0	0	0	0	0	0	0	0	0	0	0	0	0	0	0	0	0	0	0	0	0	0	0	0	0	0	0	0	0	0	0	0	0	0	0	0	0	0	0	0	0	0	0	0	0	0	0	0	0	0	0	0
1707.74099450749	0	0	0	0	0	0	0	0	0	0	0	0	0	0	0	0	0	0	0	0	0	0	0	0	0	0	0	0	0	0	0	0	0	0	0	0	0	0	0	0	0	0	0	0	0	0	12.9901133985519	0	0	0	0	0	0	0	0	0	0	0	0	0	0	0	0	0	0	0	0	0	0	0	0	0	0	0	0	0	0	0	0	0	0	0	0	0	0	0	0	0	0	0	0	0	0	0	0	0	0	0	0	0
1711.50453076905	0	0	0	0	0	0	0	0	0	0	0	0	0	0	0	0	0	0	0	0	0	0	0	0	0	0	0	0	0	0	0	0	0	0	0	0	0	0	0	0	0	0	0	0	0	0	13.6738131687415	0	0	0	0	0	0	0	0	0	0	0	0	0	0	0	0	0	0	0	0	0	0	0	0	0	0	0	0	0	0	0	0	0	0	0	0	0	0	0	0	0	0	0	0	0	0	0	0	0	0	0	0	0
1715.26806703062	0	0	0	0	0	0	0	0	0	0	0	0	0	0	0	0	0	0	0	0	0	0	0	0	0	0	0	0	0	0	0	0	0	0	0	0	0	0	0	0	0	0	0	0	0	0	14.3575138973891	0	0	0	0	0	0	0	0	0	0	0	0	0	0	0	0	0	0	0	0	0	0	0	0	0	0.00331434592183743	0	0	0	0	0	0	0	0	0	0	0	0	0	0	0	0	0	0	0	0	0	0	0	0	0	0	0
1719.03160329218	0	0	0	0	0	0	0	0	0	0	0	0	0	0	0	0	0	0	0	0	0	0	0	0	0	0	0	0	0	0	0	0	0	0	0	0	0	0	0	0	0	0	0	0	0	0	15.0412155842355	0	0	0	0	0	0	0	0	0	0	0	0	0	0	0	0	0	0	0	0	0	0	0.0248110336716047	0	0	0.115571830470519	0	0	0	0	0	0	0	0	0	0	0	0	0	0	0	0	0	0	0	0	0	0	0	0	0	0	0
1722.79513955374	0	0	0	0	0	0	0	0	0	0	0	0	0	0	0	0	0	0	0	0	0	0	0	0	0	0	0	0	0	0	0	0	0	0	0	0	0	0	0	0	0	0	0	0	0	0	15.7249182296955	0	0	0	0	0	0	0	0	0	0	0	0	0	0	0	0	0	0	0	0	0	0	0.558933100847555	0	0	0.22782825522156	0	0	0	0	0	0	0	0	0	0	0	0	0	0	0	0	0	0	0	0	0	0	0	0	0	0	0
1726.5586758153	0	0	0	0	0	0	0	0	0	0	0	0	0	0	0	0	0	0	0	0	0	0	0	0	0	0	0	0	0	0	0	0	0	0	0	0	0	0	0	0	0	0	0	0	0	0	16.4086218338913	0	0	0	0	0	0	0	0	0	0	0	0	0	0	0	0	0	0	0	0	0	0	1.09305205218589	0	0	0.34008415168368	0	0	0	0	0	0	0	0	0	0	0	0	0	0	0	0	0	0	0	0	0	0	0	0	0	0	0
1730.32221207686	0	0	0	0	0	0	0	0	0	0	0	0	0	0	0	0	0	0	0	0	0	0	0	0	0	0	0	0	0	0	0	0	0	0	0	0	0	0	0	0	0	0	0	0	0	0	17.0923263953898	0	0	0	0	0	0	0	0	0	0	0	0	0	0	0	0	0	0	0	0	0	0	1.62716807655807	0	0	0.452339603641975	0	0	0	0	0	0	0	0	0	0	0	0	0	0	0	0	0	0	0	0	0	0	0	0	0	0	0
1734.08574833842	0	0	0	0	0.219998313282428	0	0	0	0	0	0	0	0	0	0	0	0	0	0	0	0	0	0	0	0	0	0	0	0	0	0.0456834249744424	0	0	0	0	0	0	0	0	0	0	0	0	0	0	0	17.7760319155675	0	0	0	0	0	0	0	0	0	0	0	0	0	0	0	0	0	0	0	0	0	0	2.16128118749531	0	0	0.56459462825302	0	0	0	0	0	0	0	0	0	0	0	0	0	0	0	0	0	0	0	0	0	0	0	0	0	0	0
1737.84928459999	0	0	0.0488004154682459	0	0.597820484165347	0	0	0	0	0	0	0	0	0	0	0	0	0	0	0	0	0	0	0	0	0	0	0	0	0	0.185437424397616	0	0	0	0	0	0	0	0	0	0	0	0	0	0	0	18.4597383934408	0	0	0	0	0	0	0	0	0	0	0	0	0	0	0	0	0	0	0	0	0	0	2.69539137177862	0	0	0.676849164563768	0	0	0	0	0	0	0	0	0	0	0	0	0	0	0	0	0	0	0	0	0	0	0	0	0	0	0.081693597979375
1741.61282086155	0	0	0.141632457874133	0	0.975650290277011	0	0	0	0	0	0	0	0	0	0	0	0	0	0	0	0	0	0	0	0	0	0	0	0	0	0.325190637595477	0	0	0	0	0	0	0	0	0	0	0	0	0	0	0	19.1434458298628	0	0	0	0	0	0	0	0	0	0	0	0	0	0	0	0	0	0	0	0	0	0	3.22949863113974	0	0	0.789103272168724	0	0	0	0	0	0	0	0	0	0	0	0	0	0	0	0	0	0.107561484176336	0	0	0	0	0	0	0	0	0.287794562023387
1745.37635712311	0	0	0.234464604180569	0	1.35348772887543	0	0	0	0	0	0	0	0	0	0	0	0	0	0	0	0	0	0	0	0	0	0	0	0	0	0.46494316154862	0	0	0	0	0	0	0	0	0	0	0	0	0	0	0	19.8271542233339	0	0	0	0	0	0	0	0	0	0	0	0	0	0	0	0	0	0	0	0	0	0	3.76360296925218	0	0	0.901356915834055	0	0	0	0	0	0	0	0	0	0	0	0	0	0	0	0	0	0.351143329561947	0	0	0	0	0	0	0	0	0.493895170289838
1749.13989338467	0	0	0.32729684879215	0	1.73133279719181	0	0	0	0	0	0	0	0	0	0	0	0	0	0	0	0	0	0	0	0	0	0	0	0	0	0.604694928901155	0	0	0	0	0	0	0	0	0	0	0	0	0	0	0	20.5108635747981	0	0	0	0	0	0	0	0	0	0	0	0	0	0	0	0	0	0	0	0	0	0	4.29770438211684	0	0	1.01361011158656	0	0	0	0	0	0	0	0	0	0	0	0.564294816944179	0	0	0	0	0	0.594724776223917	0	0	0	0	0	0	0	0	0.699995491955078
1752.90342964623	0	0	0.420129212565233	0	2.10918550530366	0	0	0	0	0	0	0	0	0	0	0	0	0	0	0	0	0	0	0	0	0	0	0	0	0	0.74444597142417	0	0	0	0	0	0	0	0	0	0	0	0	0	0	0	21.1945738840525	0	0	0	0	0	0	0	0	0	0	0	0	0	0	0	0	0	0	0	0	0	0	4.83180287352024	0	0	1.1258628570286	0	0	0	0	0	0	0	0	0	0	0	1.24056238994373	0	0	0	0	0	0.838305773212929	0	0	0	0	0	0	0	0	0.906095543274563
1756.66696590779	0	0	0.512961710067247	0	2.48704585003095	0	0	0	0	0	0	0	0	0	0	0	0	0	0	0	0	0	0	0.0771379841384841	0	0	0	0	0	0	0.88419627526938	0	0	0	0	0	0	0	0	0	0	0	0	0	0	0	21.8782851509582	0	0	0	0	0	0	0	0	0	0	0	0	0	0	0	0	0	0	0	0	0	0	5.3658984393751	0	0	1.23811513969032	0	0	0	0	0	0	0	0	0	0	0	1.91682887722092	0	0	0	0	0	1.0818863447676	0	0	0	0	0	0	0	0	1.1121953122496
1760.43050216936	0	0	0.605794354395261	0	2.86491382840866	0	0	0	0	0	0	0	0	0	0	0	0	0	0	0	0	0	0	0.577197861210317	0	0	0	0	0	0	1.0239458473898	0	0	0	0	0	0	0	0	0	0	0	0	0	0	0	22.5619973750308	0	0	0	0	0	0	0	0	0	0	0	0	0	0	0	0	0	0	0	0	0	0	5.89999108200209	0	0	1.35036697800962	0	0	0	0	0	0	0	0	0	0	0	2.593094303731	0	0	0	0	0	1.3254664769278	0	0	0	0	0	0	0	0	1.31829481154964
1764.19403843092	0	0	0.698627112895969	0	3.24278943895449	0	0	0	0	0	0	0	0	0	0	0	0	0	0	0	0	0	0	1.0772498935508	0	0	0	0	0	0	1.16369467199791	0	0	0	0	0	0	0	0	0	0	0	0	0	0	0	23.245710556851	0	0	0	0	0	0	0	0	0	0	0	0	0	0	0	0	0	0	0	0	0	0	6.43408079904601	0	0	1.46261836006112	0	0	0	0	0	0	0	0	0	0	0	3.26935865739238	0	0	0	0	0	1.56904617021433	0	0	0	0	0	0	0	0	1.52439403813234
1767.95757469248	0	0	0.791459991066086	0	3.62067268214274	0	0	0	0	0	0	0	0	0	0	0	0	0	0	0	0	0	0	1.57729408119133	0	0	0	0	0	0	1.30344277127041	0	0	0	0	0	0	0	0	0	0	0	0	0	0	0	23.9294246956476	0	0	0	0	0	0	0	0	0	0	0	0	0	0	0	0	0	0	0	0	0	0	6.96816759239799	0	0	1.5748692887937	0	0	0	0	0	0	0	0	0	0	0	3.94562194028757	0	0	0	0.4508870050111	0	1.81262543488291	0	0	0	0	0	0	0	0	1.73049299043018
1771.72111095404	0	0	0.884293022743111	0	3.99856355835015	0	0	0	0	0	0	0	0	0	0	0	0	0	0	0	0	0	0	2.07733043348121	0	0	0	0	0	0	1.44319013063199	0	0	0	0	0	0	0	0	0	0	0	0	0	0	0	24.6131397922377	0	0	0	0	0	0	0	0	0	0	0	0	0	0	0	0	0	0	0	0	0	0	7.50225146126548	0	0	1.68711976905065	0	0	0	0	0	0	0	0	0	0	0	4.62188415439171	0	0	0	1.14938237831135	0.0680759230783956	2.05620425879805	0	0	0	0	0	0	0	0	1.93659167456281
1775.4846472156	0	0	0.977126173436687	0	4.37646206583396	0	0	0	0	0	0	0	0	0	0	0	0	0	0	0	0	0	0	2.57735895303881	0	0	0	0	0	0	1.58293675492646	0	0	0	0	0	0	0	0	0	0	0	0	0	0	0	25.2968558454199	0	0	0	0	0	0	0	0	0	0	0	0	0	0	0	0	0	0	0	0	0	0	8.03633240475013	0	0	1.79936979191743	0	0	0	0	0	0	0	0	0	0.816901876960208	0	5.29814529908357	0	0	0	1.84787785162947	0.264383434688948	2.29978265464309	0	0	0	0	0	0	0	0	2.14269007745182
1779.24818347716	0	0	1.06995945439994	0	4.75436820727441	0	0	0	0	0	0	0	0	0	0	0	0	0	0	0	0	0	0	3.07737963241354	0	0	0	0	0	0	1.72268264218644	0.0461554729938036	0	0	0	0.806070934841345	0	0	0	0	0	0	0	0	0	0	25.9805728558906	0	0	0	0	0	0	0	0	0	0	0	0	0	0	0	0	0	0	0	0	0	0	8.57041042293479	0.457221130462125	0	1.91161936947761	0	0	0	0	0	0	0	0	0	2.18549996598032	0	5.97440537412702	0	0	0	2.54637342563589	0.460690818370478	2.54336060896532	0	0	0	0	0	0	0	0	2.3487882117814
1783.01171973873	0	0	1.16279287329388	0	5.13228197934563	0	0	0	0	0	0	0	0	0	0	0	0	0	0	0	0	0	0	3.57739247374857	0	0	0	0	0	0	1.86242778861397	0.416816950694117	0	0	0	1.61304813447463	0	0	0	0	0	0	0	0	0	0	26.6642908234596	0	0	0	0	0	0	0	0	0	0	0	0	0	0	0	0	0	0	0	0	0	0	9.10448551609958	1.11469707411659	0	2.02386848658614	0	0	0	0	0	0	0	0	0	3.55410699099129	0	6.65066437743776	0	0	0	3.244869093875	0.656998078900231	2.78693813249445	0	0	0	0	0	0	0.256243475883139	0	2.55488607555268
1786.77525600029	0	0	1.25562641393174	0	5.51020338133301	0	0	0	0	0	0	0	0	0	0	0	0	0	0	0	0	0	0	4.07739747625163	0	0	0	0	0	0	2.00217220501104	0.787478289193195	0	0	0	2.42003049953055	0	0	0	0	0	0	0	0	0	0	27.3480097476569	0	0	0	0	0	0	0	0	0	0	0	0	0	0	0	0	0	0	0	0	0	0	9.63855768373004	1.77217152471201	0	2.13611715454236	0	0	0	0	0	0	0	0	0	4.92272296313599	0	7.32692231210091	0	0	0	3.94336485823977	0.853305216702056	3.03051521763448	0	0	0	0	0	0	0.528859390108401	0	2.76098366083585
1790.53879226185	0	0	1.34846008468319	0	5.88813241352812	0	0	0	0	0	0	0	0	0	0	0	0	0	0	0	0	0	0	4.5773946417453	0	0	0	0	0	0	2.14191588249407	1.15813953699417	0	0	0	3.22701803165294	0	0	0	0.404791957418562	0	0	0	0	0	0	28.0317296288943	0	0	0	0	0	0	0	0	0	0	0	0	0	0	0	0	0	0	0	0	0	0	10.1726269247256	2.4296444789552	0	2.24836537234594	0	0	0	0	0	0	0	0	0	6.29134787742956	0	8.00317917685006	0	0	0	4.64186071685205	1.04961222331082	3.27409186735349	0	0	0	0	0	0	0.801473883175926	0	2.96708097409768
1794.30232852341	0	0	1.44129389176276	0	6.26606907548366	0	0	0	0	0	0	0	0	0	0	0	0	0	0	0	0	0	0	5.07738396626273	0	0	0	0	0	0	2.28165882623693	1.52880066632003	0	0	0	4.03401072925605	0	0	0	1.27945338248249	0	0	0	0	0	0	28.7154504666303	0	0	0	0	0	0	0	0	0	0	0	0	0	0	0	0	0	0.387421066482831	0	0	0	0	10.7066932400772	3.08711593491773	0	2.36061312962118	0	0	0	0	0	0	0	0	0	7.65998173188531	0	8.6794349703645	0	0	0	5.34035667160347	1.24591912100271	3.51766808382187	0	0	0	0	0	0	1.07408697357786	0	3.17317801444505
1798.06586478497	0	0	1.53412782221658	0	6.64401336690341	0	0	0	0	0	0	1.24975747607347	0	0	0	0	0	0	0	0	0	0	0	5.57736545074101	0	0	0	0	0	0	2.42140103276083	1.89946168558731	0	0	0	4.84100859208257	0	0	0	2.15416936805807	0	0	0	0	0	0	29.3991722611711	0	0	0	0	0	0	0	0	0	0	0	0	0	0	0	0	0	1.38052870418531	0	0	0	0	11.2407566295572	3.74458589083777	0	2.47286043979626	0	0	0	0	0	0	0	0	0	9.02862452424235	0	9.35568969466837	0	0	0	6.03885272223552	1.44222588863245	3.76124386386715	0	0	0	0	0	0	1.34669866157524	0	3.37927478121578
1801.82940104653	0	0	1.62696188548202	0	7.02196528760166	0	0	0	0	0	0	2.96908616956371	0	0	0	0	0	0	0	0	0	0	0	6.0773390945446	0	0	0	0	0	0	2.56114249934927	2.27012259990964	0	0	0	5.64801162025474	0	0	0	3.02893989185188	0	0	0	0	0	0	30.0828950122228	0	0	0	0	0	0	0	0	0	0	0	0	0	0	0	0	0	2.37365982041183	0	0	0	0	11.7748170916126	4.40205434807386	0	2.58510729649591	0	0	0	0	0	0	0	0	0	10.3972762547532	0	10.0319433481501	0	0	0	6.73734886812451	1.63853254001999	4.00481920849364	0	0	0	0	0	0	1.61930894454413	0	3.58537127265245
1805.5929373081	0	0	1.71979607845432	0	7.39992483564376	0	0	0	0	0	0	4.68841486521187	0	0	0	0	0	0	0	0	0	0	0	6.57730489743644	0	0	0	0	0	0	2.70088323221252	2.64078339973249	0	0	0	6.45501981333742	0	0	0	3.90376495295638	0	0	0	0	0	0	30.7666187196922	0	0	0	0	0	0	0	0	0	0	0.665473000557743	0	0	0	0	0.626548077871869	0	3.36681440447508	0	0	0	0	12.3088746280557	5.05952130729201	0	2.69735369943091	0	0	0	0	0	0	0	0	0	11.7659369201157	0	10.7081959309285	0	0	0	7.43584510845308	1.83483907078235	4.24839411743237	0	0	0	0	0	0	1.89191781666675	0	3.79146749453927
1809.35647356966	0	0.0818695613912604	2.98984082723883	0	7.77789201183622	0	0	0	0	0	0	6.40774356120765	0	0	0	0	0	0	0	0	0	0	0	7.07726285624607	0	0	0	0	0	0	2.84062322998125	3.0114440893587	0	0	0	7.262033168782	0	0	0	4.77864453904465	0	1.7783611489082	0	0	0	0	31.4503433835215	0	0	0	0	0	0	0.972769899123654	0	0	0	1.35772405513735	0	0	0	0	1.41464997294484	0	4.35999245431705	0	0	0	0	12.8429292370342	5.71698676807383	0	2.80959964996704	0	0	0	0	0	0	0	0	0	13.1346065194522	0	11.3844474435454	0	0	0	8.13434144618033	2.03114547824894	4.49196859149738	0	0	0	0	0	0	2.16452528763657	0	3.99756344017972
1813.12000983122	0	0.431089742949247	5.72787357298814	0	8.15586681576868	0	0	0	0	0	0	8.12707225702444	0	0	0	0	0	0	0	0	0	0	0	7.57721297477895	0	0	0	0	0	0	2.98036249003002	3.38210466867103	0.134312013508081	0	0	8.06905168802126	0	0	0	5.65357864159969	0	4.19066888467872	1.26303281220723	0	0	0	32.1340690038246	0	0	0	0	0	0	1.96898445740138	0.221197389309439	0	0	2.04995084759775	0	0	0	0	2.20275283106257	0	5.35319396428657	0	0	0	0	13.376980918827	6.37445072947574	0	2.92184514926135	0	0	0	0	0	0	0	0	0	14.5032850512973	0	12.0606978857234	0	0	0	8.8328378788781	2.22745176070697	4.73554262944576	0	0	0	0	0	0	2.43713135174326	0	4.20365911279702
1816.88354609278	0	0.780307919642433	8.49532155160557	0	8.53384924608337	0	0	0	0	0	0	9.84640095321604	0	0	0	0	0	0	0	0	0	0	0	8.07715524935487	0	0	0	0	0	0	3.1201010159968	3.75276513411137	0.557248182423333	0	0	8.87607537007964	0	0	0	6.52856725405554	0	6.60291151780017	2.83505912806493	0	0	0	32.8177955800442	0	0	0	0	0	0	2.96521053282333	0.501542938894818	0	0	2.7421533779238	0	0	0	0	2.99085666689799	0	6.34641893151052	0	0	0	0	13.9110296728381	7.03191319220146	0	3.034090192346	0	0	0	0	0	0.521451844630418	0	0	0	15.8719725138516	0	12.1932648947023	0	0	0	9.53133440733944	2.42375792819494	4.97911623392366	0	0	0	0	0	0	2.70973600728916	0	4.40975451194898
1820.64708235434	0	1.12952416808821	11.2705576658353	0	8.91183930270343	0	0	0	0	0	0	11.5657296490515	0	0	0.336129112335117	0	0.152762569853484	0	0	0	0	0.145830105536086	0	8.5770896794154	0	0	0	0	0	0	3.25983880258459	4.12342549337212	0.980171367140257	0	0	9.68310421350982	0	0	0	7.40361036698568	0	9.01508902726706	4.40715750848802	0	0	0	33.5015231123677	0	0	0	0	0	0	3.96144813750676	0.781888483960763	0	0	3.43433164724057	0	0	0	0	3.77896146865882	0	7.33966735524585	0	0	0	0	14.4450754996341	7.68937415554813	0	3.14633478357656	0	0	0	0	0	1.37002037910952	0	0	0	17.2406689045908	0	12.1932648947023	0	0	0	10.2298310309467	2.62006397224136	5.22268940018128	0	0	0	0	0	0	2.98233925626987	0	4.61584963728195
1824.41061861591	0	1.47873849887712	14.0489837715127	0	9.28983698657227	0	0	0	0	0	0	13.2850583447062	0	0	1.09778705468923	0	0.61220701992204	0	0	0	0	0.67324473092349	0	9.07701626566891	1.21064979787126	0	0	0	0	0	3.92740952021323	4.49408574166055	1.40308159202369	0	0	10.4901382191577	0	0	0	8.27870797070758	0	11.4272013889999	5.97932793106016	0	0	0	34.1852516008607	0	0	0	0	0	0	4.95769726587843	1.06223400715185	0	0	4.12648564809986	0	0	0	0	4.56706724070207	0	8.3329392301904	0	0	0	0	14.9791183986263	8.34683361958365	0	3.25857892393723	0	0	0	0	0	2.21858896491626	0	0.14828947769122	0	18.6093742234449	0	12.2182133544366	0	0	0	10.9283277501887	2.81636989156092	5.46626213259424	0	0	0	0	0	0	3.25494110282766	0	4.82194449038534
1828.17415487747	0	1.82795091222971	16.8290337409756	0	9.66784229478219	0	0	0	0	0	0	15.004387040743	0	0	1.85944118424108	0	1.0716582226474	0	0.287830123729515	0	0	1.20065721619528	0	9.57693500740177	2.774332905748	0	0	0	0	0	5.72613990813133	4.86474587852542	1.82597885654667	0	0	11.2971773849455	0	0	0	9.15386005787379	0	13.8392485817705	7.55157038534611	0	0	0	34.8689810454785	0	0	0	0.184146311906488	0	0	5.95395791554435	1.34257951581461	0	0	4.81861538001073	0	0	0	0	5.35517398068599	0	9.32623455181728	0	0	0	0	15.5131583697255	9.00429158386206	0	3.37082261160217	0	0	0	0	0	3.06715760210613	0	0.671483570379193	0	19.9780884672102	0	12.843649455822	0	0	0	11.6268245651632	3.01267569271175	5.70983442926913	0	0.945580649966023	0	0	0	0	3.52754153961766	0	5.02803907080006
1831.93769113903	0	2.17716140423857	19.6100287726937	0	10.0458552280432	0	0	0	0	0	0	16.7237157368324	0	0	2.62109150508027	0	1.53111620103719	0	1.24685485103982	0	0	1.72806753633619	0	10.076845902831	4.33801604103689	0	0	0	0	0	7.52969505317115	5.23540590373189	2.24886316070394	0	0	12.1042217120705	0	0	0	10.0290666197522	0	16.2512305839594	9.1238848502012	0	0	0	35.3706111976987	0	0	0	0.87725604738262	0	0	6.95023008501165	1.62292500118042	0.211951257302132	0	5.51072084015202	0	0	0	0	6.14328168974888	0	10.3195533181908	0	0	0	0	16.0471954121325	9.66174804900084	0	3.37082261160217	0	0	0	0	0	3.91572628932721	0	1.19467696432652	0	21.3468116354206	0	13.7548073646085	0	0	0	12.3253214749547	3.20898137221327	5.95340629015425	0	2.4006327372703	0	0	0	0	3.80014057094536	0	5.23413337555892
1835.70122740059	0	2.52636998044845	22.3916270879647	0	10.4238757861272	0	0	0	0	0	0	18.4430444326582	0	0	3.38273801737493	0	1.99058095506918	0	2.20591081290038	0	0	2.25547570658655	0	10.1748276514384	5.90169921102461	0	0	0	0	0	9.33535248116186	5.60606582041278	2.6717345012178	0	0	12.9112711987342	0	0	0	10.9043276467831	0	18.6631473742802	10.6962713109402	0	0	0	35.4159795174921	0	0	0	1.57039151802447	0	0	7.94651377312409	1.90327046684632	0.822319880808965	0	6.20280202540022	0	0	0	0	6.93139036857576	0	11.3128955252363	0	0	0	1.00442952277854	16.5812295266323	10.3192030132781	0	3.37082261160217	0	0	0	0	0	4.76429503076187	0	1.71786962676585	0	22.7155437263418	0	13.7548073646085	0	0	0	13.0238184810274	3.40528693270387	6.19697771740651	0	3.85565598522046	0.311170616057177	0	0.415951857511134	0	4.07273819555926	0	5.44022740796429
1839.46476366215	0	2.87557663440947	25.1736379011599	0	10.8019039684504	0	0	0	0	0	0	20.1623731290323	0	0	4.14438072315479	0	2.45005248328526	0	3.16499802097006	0	0	2.78288172157331	0	10.1748276514384	7.46538241358588	0	0	0	0.303887959965584	0	11.1421517328839	5.97672562646697	3.09459287961211	0	0	13.7183258446451	0	0	0	11.7796431315717	0	21.0749989302911	12.2687297485779	0	0	0	35.4625215532438	0	0	0	2.26355271288211	0	0	8.9428089778647	2.18361591049465	1.43269730807407	0	6.8948589331359	0	0	0	0	7.71950001528928	0.130599280003271	12.3062611701728	0	0	0	2.10645504549705	17.1152607124435	10.9766564790943	0	3.37082261160217	0	0	0	0	0	5.61286382309136	0	2.24106155836556	0	24.0842847373318	0	13.8281834045825	0	0	0	13.7223155820111	3.60159236747798	6.44054870585678	0	5.3106503860977	1.42053854945134	0	1.04879182840414	0	4.34533441463069	0	5.64632116604447
1843.22829992371	0.0583200853648987	3.22478136817805	27.9559463407614	0	11.1799397737295	0	0	0	0	0	0.0981420835432853	21.8817018253869	0	0	4.90601961934204	0	2.90953078858254	0	4.12411646944497	0	0	3.31028558128234	0	10.1748276514384	9.02906564933543	0	0	0	0.661375555607204	0	12.9496678340317	6.34738532106882	3.51743829547374	0	0	14.5253856487349	0	0	0	12.6550130645716	0	23.4867852297477	13.8412601488041	0	0.415230543305746	0	35.5102327309148	0	0	0	2.95673962182867	0	0	9.93911569769639	2.46396134008994	2.04308354864777	0	7.58689156101347	0	0	0	0	8.50761063194571	1.25688951714336	13.2996502493327	0.0488466719719906	0	0	3.20842900348324	17.6492889689912	11.6341084440421	0	3.37082261160217	0	0	0	0.339330390598077	0	6.4614326681108	0	2.76425276485569	0	25.4530346679242	0	14.0284630650777	0	0	0	14.4208127787733	3.7978976819297	6.68411926123854	0	6.7656159353713	2.52990728185748	0	1.68162967808211	0	4.61792922517007	0	5.85241465274373
1846.99183618528	0.546139928781742	3.57398418436984	29.1251582592759	0	11.5579832028313	0	0	0	0	0	0.724508099119996	23.6010305216171	0	0	5.66765470437091	0	3.36901586451798	0	5.08326615331127	0	0	3.83768728384522	0	10.1748276514384	10.5927489179	0	0	0	1.01886455605968	0	14.7576838408283	6.71804490633333	3.94027074176018	0	0	15.3324506117189	0	0	0	13.5304374377857	0	25.8985062520711	15.4138624931571	0	1.66645224131354	0	35.5591083855218	0	0	0	3.6499522409676	0	0	10.9354339321697	2.74430674723047	2.65347861130004	0	8.27889990575522	0	0	0	0	9.29572221655076	2.38313054656912	14.29306275847	0.290327023577595	0	0	4.31035137822638	18.1833142966213	12.291558909175	0	3.88181765105752	0	0	0	1.20561398914985	0	7.31000156481787	0	3.28744324063455	0	26.8217935160743	0	14.3479084915712	0	0	0	15.1193100712129	3.99420287587844	6.92768938066741	0	8.22055262557768	3.6392768107219	0	2.31446539576296	0	4.94542337041631	0	6.05850786390323
1850.75537244684	1.03395305917902	3.92318507900298	29.2827433510027	0	12.7758647592852	0.191055556574718	0	0	0	0	1.35087701907699	25.3203592177451	0	0	6.42928598291227	0	3.82850771035155	0	6.04244707070955	0	0	4.36508683493745	0	10.1748276514384	12.1564322200401	0	0	0	1.37635497330837	0	16.5660774462024	7.08870438017546	4.36309022561068	0	0	16.1395207320127	0	0	0	14.4059162421024	0	28.3101619744392	16.986536765205	0	2.91767541728254	0	35.6091437628944	0	0.399893775158715	0	4.34319057182139	0	0	11.931763678062	3.02465213563962	3.26388248675968	0	8.97088396451758	0	0	0	0	10.0838347695696	3.50932236457267	15.2864986953126	0.531807270585545	0	0	5.41222216649993	18.7173366952631	12.9490078735933	0	5.45668930296894	0.975363211878758	0	0	2.07193207423088	0	8.15857051252847	0	3.81063298603034	0	28.190561279984	0.154784499899569	14.7788178241368	0	0.00531064775088609	0	15.1193100712129	4.19050794918613	7.17125906544196	0	9.67546045272457	4.7486471342051	0.659466880479371	2.94729897972537	0	5.37609932187152	0	6.26460080240746
1854.5189087084	1.52175952257949	4.27238405582364	29.4404103861193	0	16.3502725787728	0.964869413316488	0	0	0	0	1.97724878423284	27.0396879142139	0.0624529928277997	0	7.19091344875194	0	4.28800632799077	0	7.00165921432424	0	0.588555576953397	4.89248422894098	0	10.1748276514384	13.7201155556869	0	0	0	1.73384681489214	0	18.3747744505767	7.45936374401439	4.78589674226233	0	0	16.9465960089446	0	0	0	15.2814494696842	0	30.7217523750115	18.559282947256	0	4.16890007466088	0.311694969484964	35.6603340220889	0	2.22985635906893	0	5.03645460684066	0	0	12.9281049349882	3.30499750509008	3.87429517475085	0	9.66284373567023	0	0	0	0	10.8719482913736	4.63546495851987	16.2799580561861	0.773287417713456	0	0	6.51404135495006	19.2513561640178	13.6064553382362	0	7.04569718375674	2.19361818547035	0	0	2.93828463108655	0	9.00713951273274	0	4.33382200684846	0	29.5593379583507	0.367923274087156	15.3118060368738	0	0.557718949475705	0	15.1193100712129	4.38681289968849	7.41482831304675	0	11.1303394091504	5.85801825204764	2.73089210513056	3.58013043813213	0	5.8764722890403	0	6.47069346729007
1858.28244496996	2.0095593344309	4.62158110970377	29.5981580585699	0	20.2387688892779	1.73867402518493	0	0	0	0	2.60362339206587	28.7590166108191	0.475465062917342	0	7.95253710477036	0	4.74751171595244	0	7.96090258034544	0	1.50375329396722	5.4198794694397	0.368605473253054	10.1748276514384	15.2837989243666	0.206176165399806	0	0	2.09134007474514	0	20.1837272237238	7.83002299675242	5.2086902911539	0	0	17.753676442803	0	0	0	16.1570371108278	1.21822701027502	33.1332774324283	20.1321010239958	0	5.42012621899331	0.868909561894433	35.7126742378177	0	4.05983671419122	0	5.72974434829414	0	0	13.9244577004932	3.58534285420816	4.4847166778715	0	10.3547792157733	0	0	0	0	11.6600627811101	5.76155832340974	17.2734408377244	1.01476743411318	0	0	7.61580893750116	19.7853727030962	14.2639013019743	0	8.64113789360509	3.41187250152957	0	0	3.80467165991803	0	9.85570856403436	0	4.85701029561226	0	29.7046524915837	0.581059385457176	15.93665632751	0	1.11012239152198	0.101145084901379	15.1193100712129	4.58311773052764	7.65839712542609	0	12.5851894903091	6.96739016431227	4.80231733984792	4.21295976552477	0	6.43030751051822	0	6.6767858590636
1862.04598123152	2.49735248776362	4.97077624702299	29.755985088118	0	24.2910206060943	2.51246939183215	0	0	0	0	3.2300008529632	30.4783453073363	0.888478581395993	0	8.71415695119312	0	5.20702387172624	0.697740232574393	8.92017716506586	0	2.41891569400865	5.94727255374728	0.865464054198655	10.1748276514384	16.8474823259245	1.80227956479688	0	0	2.44883475419403	0	21.9929037866213	8.20068213919919	5.63147087033818	0	0	18.5607620321938	0	0	0	17.0326791581574	2.97035635272189	35.5447371243704	21.7049909774679	0	6.67135384444536	1.42611657367159	35.7661594023874	0	5.88983483510904	0	6.42305978890602	0	0	14.920821974376	3.8656881843948	5.09514699189354	0	11.0466904013703	0.5874868054213	0	0	0	12.4481782396295	6.88760244710611	17.4457589762687	1.25624733069939	0	0	8.71752490401828	20.319386312117	14.9213457650928	0	10.2400823912879	4.63012616163355	0	0	4.67109315621232	0	10.7042776679363	0	5.38019785733009	0	29.7046524915837	0.794192777013498	16.643046051699	0	1.66252141339937	0.657232911887889	15.1193100712129	4.77942243961184	7.90196550315219	0	14.0400106899369	8.07676287172194	6.87374257565018	4.84578696197102	0	7.26667000281959	0	6.88287797687313
1865.80951749308	2.9851389896637	5.31996946236416	29.9138902224175	0	28.4371423189939	3.28625550484539	0	0	0	0	3.85638115748329	32.1976740042278	1.30149351683181	0	9.47577298475121	0	5.66654279617671	1.41176927463825	9.87948296346024	0	3.33404277999261	6.47466348173932	1.36232482464862	10.1748276514384	18.4111657606349	3.39822680729101	0	0	2.8063308556399	0	23.8022818677762	8.5713411715515	6.05423848144219	0	0	19.3678527769567	0	0	0	17.9753449500379	4.72251146365617	37.956131429166	23.2779527910739	0	7.92258295476161	1.98331602892506	35.8812883940962	0	7.71985071734541	0	7.05003852048862	0	0	15.9171977534439	4.1460334945298	5.70558611812258	0	11.7385772905324	1.36152225602288	0	0	0	13.2362946662485	8.01359732154808	17.6097324708638	1.49772709934031	0	0.475598088708817	9.8191892453423	20.8533969912658	15.5787887275431	0	11.8411782192866	5.8483791629454	0.0735586215511403	0	5.53754911443129	0	11.5528468242573	1.34717351280468	5.90338468942549	0	29.7046524915837	1.0073234669303	17.421079131785	0	2.21491601716847	1.21332081699587	15.1193100712129	4.97572702700231	8.14553344452134	0.517177196092413	15.494803001149	9.18613637427777	8.94516781247592	5.47861202739981	0	8.17255023727393	0	7.08896982124372
1869.57305375465	3.47291883319374	5.66916075808117	30.0718722339104	0	32.093108739578	4.06003236878204	0	0	0	0	4.48276431036119	33.9170027007371	1.71450987112796	0	10.2373852079226	0	6.12606848785373	2.12580166582005	10.8388199701861	0	4.24913454699323	7.00205225488856	1.85918778506596	10.5425003990978	19.974849228807	4.99401783998469	0	0	3.1638283733854	0	25.61184547545	8.94200009200485	6.47699312013228	0	0	20.1700534979213	0	0	1.02390084791953	22.5341549420443	6.47469233567332	38.2943454486733	24.8509864484206	0	9.17381354688614	2.54050792436608	36.1940562332063	0	9.54988435457371	0	7.59775218957611	0	0.449192878799298	16.913585037201	4.42637878789279	6.31603405714824	0	12.4304398806157	2.13555919494314	0	0	0.252709421628938	14.5089318237318	9.13954294023722	17.7753310208593	1.7392067468566	0	2.13442089776714	10.71690396051	21.3874047399572	16.236230188732	0	13.4437156087626	7.06663150585401	0.733279238458259	0	6.40403952941166	0	12.4014160313438	2.90212456971929	6.42657079185299	0	29.7046524915837	1.22045144960726	18.2616197660888	0	2.76730620078592	1.76940879262182	15.1193100712129	5.17203149363134	8.38910095019158	1.39813018811756	16.9495664199024	10.2955106698931	11.0165930512077	6.1114349631513	0	9.08909439595437	0	7.29506139202796
1873.33659001621	3.96069202427473	6.01835013378895	30.2299299198088	0	32.4260412983582	4.83379998050961	0	0	0.219329542478348	0.252449209727379	5.10915031032555	35.5266753495173	2.12752763230494	0	10.9989936187294	0	6.58560094448591	2.8398373921009	11.7981881816275	0	5.16419098219228	7.52943887210618	2.35605293231866	11.225776986843	21.5385327299334	6.5896526214985	0	0	3.52132730928996	0	27.4215828279928	9.31265890345705	6.89973478775971	0	0	20.9787708682211	0	0	2.52848033370652	27.5780832766729	8.22689896375862	38.4169969541129	26.424091932065	0	10.4250456224091	3.09769225103268	36.5464424108441	0	11.3799357464579	0.0752811072100558	8.14836596516305	0	1.23422302356877	17.9099838230628	4.70672405933703	6.92649080524707	0	13.1222781687939	2.90959762414185	0	0	0.983746881541695	15.7638637307412	10.2654392920986	17.942509700666	1.98068626538274	0	3.79329495491839	10.8881289297121	21.9214095577523	16.8936701492324	0	15.0472865582154	8.28488319105715	1.39300938822518	0	7.27056439676386	0	13.2499852909732	4.45706278219089	6.94975616614541	0	29.7046524915837	1.43357672594521	19.1564597392398	0	3.31969196696125	2.32549683361887	15.1193100712129	5.3683358377775	8.63266802127985	2.27908319598272	18.4043009389628	11.4048857601614	13.088018290164	6.74425576863582	0	9.97859349218449	0	7.50115268970267
1877.10012627777	4.44845855534443	6.36753758853317	30.3880621029672	0	32.75898751034	5.60755833934404	0	0	1.08315911627395	0.98854251083447	5.73553915652852	35.5266753495173	2.54054680711984	0	11.7605982175574	0	7.04514016709527	3.55387646014277	12.7575875931224	0	6.07921208121933	8.05682333282267	2.8529202596438	11.9282935836301	23.1022162645306	8.18513110906075	0	0	3.87882766812292	0	29.2314850502264	9.68331760327912	7.3224634817006	0.249142226719434	0	21.9172523310993	0	0	4.03303325411078	32.8846903272168	9.9791313422874	38.5397080229187	27.9972692255866	0	11.6762791796616	3.6548690208589	36.9373205719959	0	13.2100048856149	0.71741086005757	8.70133057859612	0	2.01923578376041	18.9063941107297	4.98706931214919	7.53695636272149	0	13.8140921521041	3.68363754019413	0	0	1.71476447307865	16.1322537617617	11.3912863692919	18.1112248211933	2.22216566067284	0	5.45222025975855	11.0602876992676	22.4554114451466	17.5511086085055	0	16.6516399631984	9.50313421888814	2.0527490764069	0	8.13712371246096	0	14.0985546018747	6.01198815291931	7.47294081002594	0	29.7046524915837	1.64669929365309	20.0983648709736	0	3.87207331043455	2.88158493962879	15.1193100712129	5.56464006121562	8.87623465573698	3.16003620907114	19.8590065527118	12.5142616443941	15.1594435310227	7.37707444154932	0	11.0497881658466	0	7.70724371352732
1880.86366253933	4.93621843123473	6.71672312295563	30.5462676285867	0	33.7901984069211	6.38130744202594	0	0	1.94699097683203	1.72465746473398	6.36193084762728	35.5282258039713	2.95356739267324	0.435429301293665	12.5221990028304	0	7.50468615417397	4.26791886834715	13.7170181999875	0	6.9941978342291	8.58420563788061	3.34978977282431	13.4003068162585	24.6658998321662	9.78045325915851	0	0	4.23632944460738	0	31.0415453277138	10.0539761933192	7.74517920168933	0.730059876853827	0	22.9696595967433	0	0	5.53755960475496	34.1248556493859	11.7313894639435	38.6624780783007	29.5705183120967	0	12.9275142191366	4.21203822282787	37.3654901772563	0	15.040091769412	1.3595330894256	9.25622591673292	0	2.80423115694754	19.9028158977564	5.26741454551503	8.14743072851094	0	14.5058818274788	4.45767894403189	0	1.36619124007848	2.44576220654651	16.5018763257244	12.5170841632287	18.2814339108139	2.46364493625888	0	7.11119679478415	11.2333373367915	22.9894104009069	18.2085455663422	0	18.256612849536	10.7213845869952	2.7124982947793	0	9.00371747015662	0	14.9471239645231	7.56690067205735	7.99612472656279	0	29.7046524915837	1.85981915393407	21.0810438823717	0.41485115748559	4.42445023724345	3.43767311120888	15.1193100712129	6.5600440167178	9.11980085471381	4.04098923527633	21.3136832553226	13.6236383225386	17.2308687723451	8.0098909836257	0	12.2823018012663	0	7.91333446341486
1884.62719880089	5.42397164860923	7.06590673762137	30.7045453666093	0	35.6051716990816	7.15504729105698	0.706039422177306	0	2.8108251117755	2.46079407240782	6.98832538523764	35.7616583755661	3.36658939172422	2.20669925833833	13.2837959756526	0.501923309191808	7.96423890298137	4.98196461730795	14.6764799966025	0	7.90914823249366	9.11158578615171	3.8466614726926	15.5202661253329	26.2295834324309	11.3756190308172	2.09439072310803	0	4.59383263912814	0.106950178901629	32.851758339439	10.4246346730408	8.1678819464432	1.21099440187334	0	24.1211442324899	0	0	7.04205938205696	34.2685206140421	13.4836733231658	38.7853065509667	31.1438391743586	2.0030572173248	14.1787507406233	4.76919986289637	37.8296923517014	0	16.8701963917692	2.00164769641016	9.81272556672399	0	3.58920914643189	20.8992491833061	5.54775975881229	8.7579139022142	0	15.1976471926612	5.23172183599412	0	5.23203057854349	3.17674007607034	16.8726504218058	13.6428326652111	18.4530956963092	2.70512408108479	0	8.77022455032728	13.1001039136956	23.523406425916	18.865981022566	0	19.8620948403626	11.2268247963126	3.37225704285457	0	9.8703456649497	0	15.7956933798121	9.12180034028248	8.51930791298454	0	29.7046524915837	2.07293630751035	22.0990738281155	1.2873470168263	4.97682274120978	3.99376135032556	15.1193100712129	7.84412820743835	9.36336661780338	4.92194226975379	22.7683310408254	14.7330157949392	19.3022940149926	8.64270539445499	0	13.6325337128555	0	8.66262082369989
1888.39073506245	5.91171820850146	10.4161272732738	30.8628942081837	0	37.4925627314665	7.92877788391332	2.49855983244925	0	3.6746615253153	3.19695232162357	7.61472276975129	35.9951868322277	3.77961280362348	3.97798403278838	14.045389135223	1.21871388891801	8.42379841470608	5.69601370447249	15.6359729807423	0	8.82406326884579	9.63896377788754	4.34353535588226	17.6971576449532	27.7932670660693	12.970628378799	4.29996990665144	0	4.95133725386321	1.04295139930521	34.6621198672072	10.7952930416054	8.59057171706741	1.69194576774153	0.281101920350308	25.3582687760833	0	0	8.5465325788278	34.4165890891761	15.2359829136592	38.9081928780844	32.7172317959787	4.21898243402998	15.4299887432001	5.32635393815688	38.328625171827	0	18.7003187501613	2.64375468996028	10.3705723269745	0	4.37416974371179	21.8956939644838	6.24833855153182	9.36840588339248	0	15.889388245176	6.00576621395283	0	9.09788606188669	3.90769807703972	17.2445017768723	15.0133426905568	18.6261700781061	2.94660310614174	0	10.4293035135657	13.1717394017311	24.0573995195579	19.5234149774903	0	21.4680085236455	11.2268247963126	4.03202532379248	1.59483814919741	10.7370082949051	0	16.1580242682312	10.6766871552091	9.04249036986221	0	29.7046524915837	2.28605075287157	23.1478059717227	2.15983215539222	5.52919082556248	4.54984965552225	15.1193100712129	10.6633670119222	11.7027893180088	5.80289531159529	23.8524136349073	15.8423940610575	21.3737192586872	9.2755176736755	0	15.0689489240757	0	9.31137367069113
1892.15427132402	6.39945810900302	14.3752171376256	31.0213130680615	0	39.4420490518561	8.70249921943174	4.29116939607174	0	4.53850022146885	3.9331322130827	8.2411229986087	36.2288093325471	4.19263762814675	5.74928362576041	14.8069784802405	1.93550013887484	8.88336468734819	6.41006613294054	16.444166288025	0	9.73894293648109	10.1663396134731	4.84041142444838	19.9123984174401	29.3569507329802	14.5654812630542	6.50557494257939	0	5.30884328877686	1.97896534512471	36.4726265231384	11.1659512999457	9.01324850947922	2.17291398324195	1.0518621329736	26.6691710405977	0	0	10.0509791892156	34.5690048904487	16.192607557978	39.0311365042296	34.2906961598979	6.43502226267596	16.681228227938	5.88350044871176	38.6259170478753	0	20.5304588394146	3.40399728880438	11.1335977592117	0	5.15911294971815	22.8921502407303	7.77011206091949	9.97890667067572	0.710447394261932	16.0085293278661	6.77981208005101	0	12.9637576818854	4.63863620608551	17.6173621790107	16.9709847126909	18.8006181099082	3.18808200494923	0	12.088433673308	13.2436457982651	24.5913896813505	20.1808474304958	0	23.0742980030023	11.2268247963126	4.69180313220883	2.65311073535386	11.6037053517724	0	16.2794639336302	12.2315611118574	9.56567209877857	0	29.7046524915837	2.49916248903401	24.223267221134	3.03230658186585	6.08155448901032	5.10593802643729	15.1193100712129	13.8347243460712	14.3445811270091	6.68384836393793	23.8524136349073	16.9517731205609	23.4451445032857	9.90832782050257	0	16.5692173936844	0	9.88656048343154
1895.91780758558	6.88719135089604	18.346775276749	31.1798008814153	0	41.444937794514	9.47621129630075	6.08386808577023	2.38792090688894	5.4023411933457	4.6693337424866	8.86752607345394	36.4625240819449	4.60566386236212	7.52059802976863	15.5685640113472	2.65228205135096	9.342937720371	7.12412189848734	16.6326454163635	0	10.6537872241378	10.6937132925489	5.33728967657373	22.1545600061748	30.9206344328688	15.7741604188121	8.71120582754247	0	5.66635074152077	2.91499196293788	38.2832755533627	11.5366094469571	9.43591232370753	2.65389904756198	1.82264095660426	28.0435571494158	0	0	11.555399208615	34.7257111726649	16.490864088362	39.1541368804703	35.8642322492956	8.65117666709348	17.9324691934275	6.44063939216356	38.9140818578119	0	22.3606166552164	5.3061384724501	12.1685333601195	0	5.94403876478645	23.8886180103102	9.2978163700044	10.5894162637372	1.68441818936424	16.0085293278661	7.55385943253498	0	16.8296454282997	5.36955446275808	17.9911688945754	18.3403110384407	18.8978951297	4.12180753499343	0	13.7476150173716	13.3158187148756	25.125376910931	20.8382783819113	0.463724206645936	24.6809219045564	11.2268247963126	5.35159046957055	3.20574792706935	12.2747115789364	0	16.4022125401233	13.7864222093574	10.0888530971411	0	29.7046524915837	2.71227151699902	25.322065803974	3.90477029610143	6.63391372966632	5.66202646486167	15.1193100712129	17.1171332005131	17.0097364764998	7.56480142504077	23.8524136349073	18.0611529737591	26.347653486192	10.5411358355695	0	18.1175465646646	0	10.818231483109
1899.68134384714	7.37491793247631	22.3241645044995	31.3383566053639	0	43.4939175218615	10.2499141139978	7.87665588015544	5.67887759940368	6.26618444724523	5.40555691062667	10.6164430606396	36.696329330611	5.00144848409215	9.29192724470405	16.3301457276325	3.3690596297878	9.80251751297577	7.83818100442517	17.0906453934135	0.507713503632921	11.5685961264479	11.2210848149915	5.83417011286298	24.4162926095023	32.4843181659885	16.1494831872299	10.9168625527756	0	6.02385961336907	3.85103125720911	40.0940646938487	11.9072674839873	9.52272716310713	4.7576884185083	2.59343840145804	29.4725951958652	0.107247001939412	0	13.0597926312179	34.8866505143187	16.7891340528442	39.2771934645033	37.4378400475418	10.8674456084669	19.1837116401189	6.9977707697738	39.2344693690966	0.820840737576265	24.1907921928563	7.20849644488561	13.2449624260677	0	6.72894718296246	24.8850972718181	10.8289466861113	11.1999346613962	2.65838689911968	16.0085293278661	8.32790827244661	0	20.6955492936047	6.1004528448163	18.3658641448463	18.3403110384407	18.8978951297	6.35964535753465	0	15.4068475328272	13.388253844037	25.6593612090996	21.4957078309781	1.25120181777819	26.2878489481452	11.2268247963126	6.01138733442503	3.76402487173581	12.2747115789364	6.42036700566465	16.5262410110221	15.3412704447435	10.6120333660214	0	29.7046524915837	2.92537783748595	26.4413055295578	4.77722329813165	7.18626855093343	6.21811496796536	15.6141992204199	20.4574163017453	19.6889556412267	8.4457544956421	23.8524136349073	19.3882661642229	29.3749529729117	14.0722832250844	0	19.7026671902224	0	12.0150236304045
1903.4448801087	7.86263785492011	25.2212858744314	31.4969792168652	0	45.5828356280626	11.0236076721026	9.6695327545459	8.96984031789046	7.13002997882929	6.14180171297978	16.6416015415919	36.9302233723757	5.32889779398887	11.0632712662151	17.0917236288292	4.08583287457485	10.2621040632801	8.55224344736582	17.7974836042083	1.12513822895908	12.4833696345404	11.7484541793219	6.33105273396542	26.6926817265538	34.0480019322188	16.5943844975481	13.1225451100315	0	6.38136990324893	4.7870832252046	41.90499206606	12.8981473193527	9.52272716310713	13.7914834024762	3.36425445991835	30.9487612771577	0.924889701690963	0	14.5641594497028	34.8880213855807	17.0874167718249	39.4003057203292	39.0115195374657	13.0838290496736	20.4349555673222	7.55489457913512	39.5862985619467	1.93759096939705	25.9151039628899	9.11106440642625	14.3535773450342	0.15976380494783	7.51383820430407	25.8815880228932	12.3622344604924	11.8104618629858	3.63235351347953	16.0085293278661	9.1019585984647	0	24.5614692697596	6.83133134918565	18.7413946375946	18.3403110384407	18.8978951297	8.61911079026681	0	17.0661312082183	13.4609469514224	26.1933425742524	22.153135777846	2.03866540454007	27.8950550422628	11.2268247963126	6.6711937251981	4.42568746551358	12.2747115789364	12.8664424130374	16.6515208357675	16.8961058149874	11.135212906049	0	29.7046524915837	3.13848145102791	27.5785103107288	5.64966558163371	7.73861894852691	6.77420353819514	16.218852702149	23.8314293068795	22.3773509561868	9.32670757536714	23.8524136349073	20.7267448287564	32.4507376430332	14.1680854978241	0	21.3164268633781	0	13.4062444141811
1907.20841637026	8.35035111657473	25.3715491833823	31.6556677129547	0.879989445252075	47.706505705809	11.7972919683489	11.4624986843435	12.2608090634656	11.30193549614	6.8780681464932	22.6863634563327	37.164204543378	6.38059208170131	12.8346300907483	17.853297714417	4.80260178532706	10.721697371499	9.26630922857637	18.7251087694425	1.74256986345008	13.3981077395963	12.2758213866771	6.82793753791269	28.980328958268	35.6116857314015	17.103452283448	15.3282534929807	0	6.73888161238468	5.72314786130086	43.7160560966634	14.958454446578	9.52272716310713	23.0957472052318	4.13508913189573	32.4656710743321	1.74253449209655	0	16.0684996615636	34.8880213855807	17.3857116107666	39.5234731187331	40.5852707024645	15.3003269558518	21.686200974577	8.11201082099918	39.9687404701354	3.05434324997817	26.7872566212795	11.0138401973644	15.4874907479685	0.700808335482271	8.29871182605076	26.8780902629176	13.89696949171	12.4209978671362	4.60631802294529	17.7013980001119	9.87601041057512	0	28.4274053477714	7.56218997415243	19.117711155762	18.3403110384407	18.8978951297	10.8867570665404	0	20.2796680129546	13.5338938821006	26.7273210070154	22.8105622230464	2.82611496440572	29.5025213299573	11.2268247963126	7.33100964148112	6.22344901438146	12.2747115789364	19.3128156808713	16.7498967511762	18.4509283170237	11.6583917167363	0.402210070835657	29.7046524915837	3.35158235398796	28.7315590685546	6.52209715133804	8.77795556850967	7.33029217511125	16.875929031286	27.2267918430248	25.0721165042389	10.2076606640933	23.8524136349073	23.2714205683854	35.0191673896471	15.0472278420982	0	22.9528355268376	0	14.9377792990288
1910.97195263182	8.83805771680547	25.6269225206599	31.8144211111178	1.92965721718951	49.8605444987418	12.5709670031453	13.2555536477142	15.551783834359	17.0015162253727	7.61435621006054	27.8357206721505	37.3982712211445	8.04923352018949	14.6060037138291	18.6148679844023	5.51936636220607	12.1581085050385	9.98037834778816	19.8426813348178	2.36000842904829	14.4618870070607	12.8031864367424	7.41827827595018	31.2768151897823	36.6140406405682	17.6711581601636	17.2200347015595	3.13545182657054	6.91600212958017	6.65922516783377	45.5272554566821	17.1398629141906	9.7398190566447	32.4390415946432	4.90594241247022	34.0179161243558	2.56018137245238	0	17.572813259079	34.8880213855807	17.6840179792078	39.6466951366174	41.8137090619715	17.5169392883485	22.9374478623776	8.66911949513539	40.3809266330369	4.17109758396487	27.3664361851503	12.9168228839481	16.6415533361872	1.24185265783416	9.08356804632726	27.87460398995	15.4327235135679	13.031542673672	5.5802804213261	25.23151164746	10.6500637091718	0.489245983513729	32.2933575199506	8.29302871767459	19.4947681822311	18.3403110384407	19.3233249810424	13.1583643269437	0	25.7182601384293	13.6070905538859	27.2612965072091	23.4679871655144	3.61355050075238	31.1102328379228	11.2268247963126	7.99083508241933	8.02496550644395	12.6474305294757	22.3191866068742	17.0559924578536	20.0057379491186	12.1815697970886	1.21190350702684	29.7046524915837	7.95749602252954	29.8986303358566	7.39451800184755	10.74691754803	7.88638087869601	17.579533929639	30.6365453729167	27.7715294315038	11.0886137622575	23.8524136349073	26.3824744983031	35.2895699402014	16.5003886663054	2.17085338683807	24.607421501826	0	16.570869122093
1914.73548889339	9.32575765524501	25.9842956745775	31.9732384471069	2.97939563302544	52.0412357921735	13.3446327743992	15.0486976194491	18.5578237767933	22.3027605526489	8.35066589933678	28.3064111981981	37.7997294412409	9.78760517474717	16.3773921327671	19.3764344378161	6.23612660343305	15.9887365217505	10.6944508049766	21.120164502593	2.97745391092583	16.4864410938889	13.3305493293948	8.3553050043265	33.5803746174634	37.2971855576805	18.2920590125609	17.6232987487238	6.31760905026256	8.73279287978618	7.59531514186867	47.3385890145089	19.4017301125821	10.2762431471667	35.9333689822363	5.67681430153676	35.600914452346	3.37783035668229	2.27604929485292	19.0771002372866	34.8880213855807	18.8084481332902	39.7699712572546	41.8625309882772	19.8785875764298	24.1886962300592	9.22622059964832	40.8219573629432	5.28785396734728	27.5948044152845	14.8200119690811	17.8118688585987	1.78289675591205	9.86840686241815	28.8711292020495	16.969223052856	14.2012728394925	6.10908331331326	32.3568725368644	11.4241184937323	1.34242660396243	32.2933575199506	8.50321907627473	19.8725235686207	18.3403110384407	19.9483513157726	14.0149752558342	1.06886642340351	31.2533483832464	13.6805329587912	27.795269074414	24.125410605427	4.4009720124474	32.7181775232247	11.2268247963126	8.65067004740426	9.65053961471843	13.026726959381	23.0720630892496	17.5664052857559	21.5605347076654	12.7047471481976	2.02159886327265	29.8639791450443	17.8477854431881	31.0781555176827	8.26692813390872	12.8218510434199	8.44246964814476	18.3242921596682	34.056492620681	30.4744745105939	11.9695668698952	23.8524136349073	29.6072127437457	35.5605884249417	18.355058080541	5.36901102677331	26.2767947288134	0	18.2784045988434
1918.49902515495	9.81345093264752	26.4395217373925	32.1321187760563	4.02920467602263	54.2454177344386	14.1182892810813	16.841930576256	20.0385527583437	24.5488163887798	9.08699721500965	28.7814575444315	38.7970929701633	11.5644241485145	18.148795343796	20.1379970744684	9.06330557742087	20.985750476353	11.4085265983051	22.5304626796873	3.59490631042172	18.2639654404388	13.8579100646659	9.43347483595368	35.8896898062936	37.947042718897	18.9609448707291	18.0311086924366	8.06762645066766	11.9070712224778	10.8983575765508	49.1500558004945	21.7190780532774	10.9934443145805	37.4446051890454	6.44770479602359	37.2107793852277	4.19548143755219	4.66603121063963	20.5813605899014	34.8880213855807	20.3786124716943	39.8933009700829	41.911501003811	22.6230269682339	25.4399460771479	9.78331413422178	41.2909096821492	6.40461240135359	27.8240528702742	16.7234071445065	18.9954520925933	2.32394064117758	10.653228274045	29.911025133476	18.5062853375193	15.9950600744041	6.41906755825029	32.7179744586726	12.1981747645896	2.19555696215451	32.2933575199506	8.67690363631123	20.2509382360092	18.3403110384407	20.7465941868941	14.0149752558342	2.43362684306024	36.1739365620812	13.7542171614474	28.3292387083113	24.7828325427629	5.18837949639961	34.3263455888344	11.2268247963126	9.31051453501623	10.9887832426594	13.4090244586261	23.8300551650218	18.2639994862671	23.1153185907452	13.2279237700969	2.8312961413101	31.4061968930784	23.6115968706078	32.2687796584114	9.13932754505431	14.9588861900033	8.99855848411687	19.1053760268486	37.4839570033779	33.1801984484073	12.8505199864269	23.8524136349073	32.9124975864645	35.8322089177222	20.5028046079791	8.56717845492315	27.9583473591381	0	20.0414492710888
1922.26256141651	10.3011375471153	26.9876384972926	33.0979290730047	4.30902899081814	56.4703899932184	14.8919365229499	18.6352524953602	21.5194645321885	29.4841829271328	9.82335015171756	29.2606480043286	39.8328767096805	13.3644684892446	19.9202133436864	20.8995558945899	31.6487190181348	24.6446846338618	13.9575257322984	24.0503058758662	4.21053846036902	18.5020972905644	14.385268641144	10.7036075507017	38.2037588038721	37.947042718897	19.6729364046111	18.1957720816658	8.70575976646121	15.1890485770394	14.6316567598127	50.9616549779277	24.0760224756345	11.8707577822184	37.4446051890454	6.44770479602359	38.8442070488281	5.01313461834054	6.45341899394957	22.0855943126278	34.8880213855807	21.9532150367172	40.0166837705053	41.9606185911785	26.0631488831535	26.6911974038236	10.3404000988198	41.7868448196955	7.52137288495822	28.0541600385715	18.6270081953575	20.1899873036213	2.86498430928671	11.4380322777913	31.8795440100284	20.043783602542	18.2096558746311	7.3213815212196	33.0792628434689	13.127031730409	3.04863703498588	32.2933575199506	8.86040878210722	21.0099723765432	18.3403110384407	21.6989676315516	14.0149752558342	3.79840268757392	36.580600759765	13.8281392972156	28.8632054089873	25.4402529773281	5.97577295262864	35.9347289808999	11.6072418217239	9.97036854465197	12.3272458239113	13.7940735214463	24.5926906288793	19.1282935385017	24.6446357688305	13.7510996622919	3.64099534671088	33.0117040516597	24.0886996240903	33.46932860852	10.0117162346126	17.1349455853643	9.55464738641875	19.9184975715198	40.9171534108144	35.8881742902459	13.731473112171	23.8524136349073	36.2765561724868	36.1044178816469	22.8613927072337	11.7653556676543	29.6441088856347	0	21.8466443584154
1926.02609767807	10.7888174980476	27.6231062120965	34.2345201966271	5.06593411845407	58.7138374139023	15.6655744986256	20.4286633518529	23.000523798182	34.6298929316434	10.0415512982222	29.7437827207816	40.9041827310348	15.1795696828115	20.8695789357498	21.6611108968817	37.9446960683076	24.8371954758892	19.0229608983575	25.6603146855564	4.50880831990859	18.74023670494	14.9126250601664	12.0502592076015	40.5218065830631	37.947042718897	20.4235399879652	18.360741185314	9.350363809976	18.5216200740274	18.4180891763382	52.7733858190466	26.3392520019613	12.8778007201918	37.458189348027	7.60924918579974	40.4983813421017	5.83078989849568	8.93145271448027	23.5898013990781	34.8880213855807	23.5444054178188	40.1401191599171	42.0098832342762	32.6024315939758	27.9424502099657	10.8974784923713	42.3088151750584	8.63813541790753	28.2851050300698	20.5308149551452	21.3936565202025	3.40602776457843	12.2228188721749	34.0058323517267	20.2108725517446	20.7108742666948	8.58145285770492	33.4407316480865	16.2138597664777	3.90166682094899	32.2933575199506	9.44164933390388	22.3042623405878	18.3403110384407	22.7861746330918	14.0149752558342	5.16319396047181	36.9874911521352	13.9022955706545	29.3971691758207	26.0976719091238	6.7631523784466	37.5433210164798	13.5219549358202	10.6302320754215	13.6658663534982	14.1816500356177	25.3595513444146	20.1378223843454	25.9731163776793	14.2742748241729	4.45069647422985	34.6717682211905	24.5663584286014	34.678781575508	10.8840942017427	19.336985347186	11.5110249803823	20.7598781938318	44.3548466154673	37.354854910389	14.6124262468367	23.8524136349073	39.6846612865054	36.5518152629596	25.3722864773042	14.9635426609018	30.915923458649	0	23.6844239878934
1929.78963393963	11.2764907858596	28.3400390584662	35.515645176911	9.99673815933314	60.9737672705593	16.4392032072334	22.2221631230138	24.4817037948679	39.9053876571204	10.2056740681852	30.2306730159138	42.0083135000011	17.0049887582674	20.8695789357498	22.4226620813936	37.9446960683076	25.030683267828	24.4171499944874	27.3446405488256	4.9116253244816	18.9799794794982	15.4399793209622	13.4505008466668	42.8432245676059	37.947042718897	21.2086699340845	18.5260078795112	10.0001843552703	21.881731380588	22.2305524383802	54.5852476889655	27.5053733127355	13.9865948071537	37.68994891089	11.1487886645287	42.1708944278633	6.64844727667045	12.7266005352041	25.0939818439185	34.8880213855807	25.3865017591821	40.2636066459572	42.0592944175506	39.3135990899394	29.1147977759534	11.4545493145995	42.8558706905061	9.75490000120399	28.5168675556629	22.4348272876812	22.6050162962427	3.94707100039146	13.0075880546332	36.2622904801141	20.8400047037294	23.4073381097597	9.45807844615061	33.8023750850437	18.5700496802611	4.75464630745707	32.2933575199506	10.056881321515	23.6493055184639	18.3403110384407	23.9899103804693	15.0344984373208	6.52800065799	37.3946003659302	13.9766822562709	29.9311300092058	26.7550893376468	7.55051777226243	39.1521161020921	15.5031958483622	12.5499439648853	15.0046055903806	14.5715523383846	26.1302660689917	21.2719061845446	27.3015981349848	14.7974492565616	5.260399525575	36.378977187757	25.0445415553213	35.7646969042185	11.7564614439603	21.557158579275	12.2448616655301	21.6262060158415	47.7961551758765	37.9648898425349	17.726232091056	23.8524136349073	43.1265710664966	37.7646943455067	27.9947110829798	18.1617394308022	32.1959933128805	0	25.5478222114714
1933.55317020119	11.7641574094689	29.1324130644098	36.8934789761541	15.7049570762144	63.2484576405599	19.6719410897683	25.3248058908642	25.8523366852832	45.2659549786017	10.3950492544101	30.7211407479406	43.142768427937	18.8378003306432	21.3172429429972	23.184209447549	37.9446960683076	25.2251255645268	29.9639070988505	29.0904463538241	5.55366498588871	19.352677931616	15.9673314235463	14.8892518522766	45.1675284276367	37.947042718897	22.0246471993381	19.1442827793066	10.6542641336141	22.5235299857877	23.8130865149412	56.3972400289333	28.6837971304139	14.8794207549447	38.0686595716958	14.6943365813235	43.8596805851457	7.46610675236781	16.9787531933347	26.5981356415512	34.8880213855807	27.4628727667646	40.3871457415245	42.1088516267633	46.123038192835	31.8104142601583	12.0116125647091	43.4270645893916	10.8716666335529	28.7494279094206	24.3390450720977	23.8229083021405	4.48811402380982	13.792339822813	38.6262464390501	22.1859154217414	26.2392138822594	10.3896131449812	34.1641876086581	21.2514451056035	5.60757549135079	32.2933575199506	10.6721093495351	25.0369594845854	18.3403110384407	25.2935621731681	16.4639603207129	7.89282277823979	37.8019213414086	14.3741206718516	30.465087908091	27.4125052629391	8.33786913252204	40.5989741206022	17.5284941377989	16.8824474614546	16.3434371467081	14.9635986346361	26.9045043304717	22.5117170628945	28.7118239914299	15.3206229591085	6.07010450104953	38.1270516588013	25.5232196194387	36.5813015491513	12.628817959851	23.7904916473356	12.9787823271364	22.4350181321792	50.2709603047518	38.620494378629	24.0702178314722	23.8524136349073	46.5949791545032	39.104110910046	30.7002601066217	21.3599459727004	33.483377409609	7.77117671356996	27.4316793143835
1937.31670646276	13.3284995474601	29.9942400441268	38.3103033158918	21.5837105724175	65.5364148530816	23.3333470144049	28.6505832924051	26.6566437387656	50.6851830048675	10.6083224586365	31.215017699586	44.3052372056534	20.6761058565739	21.7825216021243	23.945752995188	37.9446960683076	26.4859235965353	35.5926849618507	30.8873738035693	6.50967635506802	19.726329120156	16.4946813677719	16.3563815541909	47.4943280392542	37.947042718897	22.86818249153	20.0172166620187	11.3118616707336	23.0370650080374	25.1202755571421	57.5349425194141	29.8730715748135	14.9608488996335	38.5900203060392	18.2429021537544	45.3980866953592	8.21999923002151	21.4184688991178	28.1022627861842	34.8880213855807	29.7246758340596	40.51073596593	42.1585543480375	52.9940607452921	34.6792753578259	12.5686682418609	44.021458466955	11.9884353139394	29.0700872563691	26.2434682005829	25.0463937356429	5.02915682940846	14.5770741757536	41.0792720684222	23.5322682412905	29.1673480485214	10.6719312239086	34.5410371465463	24.1503505513445	6.4604543600886	32.2933575199506	11.2873334180127	26.4605552896108	18.3403110384407	26.6825068063312	17.8965944152556	9.32905454800175	38.2094473161631	14.9082481460883	31.0689544201546	28.3358292052125	9.12520645818715	41.7954493889916	19.5842522272097	19.722045525617	20.8183880880081	15.3576247412064	27.6819711963665	23.8407552541257	30.2336750840239	15.8437959316261	6.78461934075318	39.9106730816339	26.00236537126	37.4171212435514	13.5011637497284	26.0336916740445	14.0491317809596	23.0213734463286	50.6496634399629	39.3193894305258	24.0702178314722	23.8524136349073	50.084552164859	40.5575691605845	33.4689287534801	24.338454595841	34.7772690133869	10.7270710107677	29.3321102052387
1941.08024272432	16.2649926666983	30.9197033558582	39.7619513979395	27.5250346691026	67.8363383308348	27.0420092734764	31.2238328534919	27.4616959472057	56.1466057847029	14.3774915626883	31.7121449967457	45.4935909419671	22.5186216218493	22.2481459400462	24.7072927239543	37.9446960683076	28.6124392510014	41.2705498390966	32.7270643835527	7.58201240750896	20.0186375607453	17.0220291530908	17.8449177791524	49.8233057254833	37.947042718897	23.7363500139845	20.8905615554067	11.9723948163564	23.8001601603328	26.8849439906898	57.6620118190426	31.0719545985771	15.0526389528547	39.2483714754243	21.7934398609756	46.5285122407321	8.56225122071926	25.9505190777188	29.6063632726428	34.8880213855807	32.1329734585397	40.6343768432498	42.2084020688366	59.9065237222149	37.6820648381565	15.214559529863	44.6381267308114	13.1052060435774	29.447400112679	28.1480965710962	26.2747046470232	5.57019942073534	15.3617911108842	43.6064570205719	24.8790113072561	32.1657004572512	10.9994252630522	35.1731547453487	27.1976457316703	7.31328290648023	32.2933575199506	11.9025535268985	27.9146268169759	18.717495348968	28.1454368920243	19.3317255841239	11.2428858487985	38.617171810039	15.4423756113938	31.8014845670494	31.3372181371362	9.91252974716324	43.0062988177534	21.6618595842042	21.685269819387	25.624150761569	18.3282342479738	28.462402789361	25.2449221268873	31.7555260802782	16.3669681743394	7.50511999418578	41.3794498327116	26.481953506159	38.2708978230869	14.3734988110242	28.284497368517	15.2311529055889	23.8847088464114	51.0327617032954	40.0593095565654	24.0702178314722	24.6034395975972	53.5913159353382	42.1133004937687	36.2864080709093	25.9617355327531	36.0769732919284	10.7270710107677	31.2461439929769
1944.84377898588	19.3025472780548	31.9032562117982	41.2447473800902	33.4965465978324	70.1470914575281	30.7811750383204	31.9056354696239	29.1182753332172	61.6394793032483	19.2874153825673	32.2123725552997	46.7058719110564	24.3644495178927	25.4301837092654	25.4688286331475	39.7225826497058	30.7775542306582	46.9802453219119	34.6145473206244	9.20656196710783	20.0196673042211	17.5493747799	19.3499448640678	52.1542002403343	37.947042718897	24.6265564331428	21.764268011774	12.6354008071951	24.7898177123417	28.8883109351965	57.7892046029977	32.279379308768	15.1546029254056	40.0369799773147	25.3454891504662	47.6639243326685	9.97487614451477	30.5345500030322	31.1104370949128	34.8880213855807	34.6574213802003	40.7580679042532	42.2583942771184	66.8485069381948	40.7894296016256	18.7563013768101	45.2761604089676	14.5284353530574	29.82471803225	30.0529300876628	27.5072074203352	17.2813189259611	16.1464906266536	46.1957438743724	26.226103392652	35.2165569743488	11.7176313635248	35.8066304997264	30.3489713658168	7.31328290648023	32.2933575199506	12.5177696749868	29.3946823894351	19.4077712517939	30.1073983955717	20.768864209753	13.364975856702	39.025088611311	16.5336534556014	32.536335021973	34.3511091433073	10.6998389979544	44.2303429305257	23.7556388090332	24.0622935610334	30.5601764720681	21.7384743738542	29.2455624414885	26.7123629249612	33.2773769801751	16.8901396867522	8.35150382556363	42.7618788983989	27.4735944699053	39.1414569899381	15.2458231423717	30.541307040075	16.5190913659958	24.9963420586668	51.4201574936598	40.838025183747	24.0702178314722	25.4061633786118	57.112254102412	43.7604345834437	39.1422855553825	27.5851711287717	37.3818891032978	10.7270710107677	32.5507669357867
1948.60731524744	22.4001859502649	32.9396864870819	42.7554516010797	39.4853117658755	71.4414802969745	34.5412276308188	32.5883325602619	34.5436085102793	67.1565183594688	24.2027304464552	32.7155585592819	47.9402825437493	26.212942874457	29.9685945349943	26.2303607224617	45.7630531486128	32.9737530648111	52.7119076772136	36.9744616228468	12.7648809328995	20.1692093666952	18.4794637834888	20.8679172593255	52.8432352907886	37.947042718897	25.5365082286536	22.6382941984329	13.3005075848527	25.9801954928824	31.0844613321548	57.9165200703417	33.4944255387799	15.2665372563343	40.9483443746874	28.8988154173621	48.8039752457922	11.7462664470728	35.1508673642516	32.6144842481336	34.8880213855807	37.2745966272141	40.8818086843186	42.308530462311	73.8125267816411	43.9794076513724	22.3105410692351	47.1157071043405	16.8655011282031	30.2020408532316	31.879146110355	28.7433750820486	17.9146744100837	16.931172720159	48.8373617147166	27.6505493132294	37.4291856498261	13.5618949618537	36.4413936902969	33.5753249944356	7.6225882216774	32.2933575199506	13.132981862938	30.8970172211792	20.0980471368877	32.113286664265	22.2076467635606	15.6108424885314	39.4331917608223	19.1707482275019	33.2733547967212	37.3746176531106	11.4871342086716	45.4665170625332	25.861712444089	26.743413728378	35.5730552648619	25.2802446913291	31.4675992495968	28.2332040568633	34.7992277835951	18.115557705545	10.0466628326676	44.1443727567525	30.3346874952853	40.0277044759907	16.1181367424395	32.8029557860184	18.1840134132191	26.3248374747077	51.8117550426313	41.6533607934813	24.0702178314722	26.2088870016252	60.6450392204024	45.4890782566944	39.6641736593218	28.4423318112961	38.6914941236118	11.7597957945423	33.7924894756306
1952.370851509	25.2307173736002	34.0676278793908	44.2912093245417	45.4851743783172	71.6811192884263	38.316278145787	33.2718691084276	40.4528948401565	72.6926193880836	29.1215404683227	33.2215689699324	49.19517413825	28.0636244875659	34.9336240724394	26.9918889915952	51.8042295311807	35.1952989258034	58.45950739357	39.3486898984308	17.2237090145449	20.4073907892593	22.5115081655005	22.3962235573712	53.1841492899642	37.947042718897	26.4641795058873	23.5126044884233	16.4049884346014	27.345127278323	33.4356171611153	58.0439574256049	34.7162964936568	15.3882246622428	41.9744924715193	32.4532864608533	49.9483476421751	13.7385671001012	39.7887968832907	34.1185047258282	36.3303565036285	39.9664440196247	41.4564964822492	42.3588101142551	78.3914911037715	47.2354493789481	25.8724738390137	48.9645237661121	23.4615033198796	30.5793684217759	32.9689857123177	29.9827660790933	18.7882289594516	18.9236569903685	51.5233622726175	29.4344781458852	39.1972113917102	15.8507035978223	37.0773783001658	36.8572612479465	8.19317802637007	32.4387387181416	13.7481900899041	33.0237048364478	20.7883230043544	34.1553690152654	23.6477977840696	17.9342354663531	39.8414755421735	21.8820406579535	34.0124055548332	38.1729050045581	15.7419019565187	46.7138592183937	27.9773504311088	29.6466102178269	40.6350317548525	27.1966646806151	35.0660371368394	29.7992618657699	36.321078491084	19.4686446468983	12.3146643516722	45.5269310609752	33.3551557758851	40.9286218835679	17.2381272372628	34.1982137887883	20.1365489062058	27.8391667563117	52.2074604248597	42.5032092854855	24.0702178314722	27.0116104676208	64.1878486545153	47.4802669394631	39.8481860491737	28.7257332642242	40.0053326450029	13.2988048458291	35.046730836597
1956.13438777056	27.2942014825292	35.5173427509178	45.8495039324642	51.492836616129	71.9215576993755	42.1025286038842	34.8345374716543	46.6640523063456	78.2118616699251	34.0430429791768	33.730277057707	50.4690356397206	29.9161346650533	40.1664716938897	27.7534134399243	57.8460723051061	37.4377565332302	64.2191577446729	41.7348051285697	22.044624244754	20.6455768639147	26.5676768242955	23.9329034606756	53.5250845420244	37.947042718897	27.4077815137549	24.3871683525449	21.2070902781178	28.8598894455559	35.9115214880983	58.1715158799069	35.9442995139422	15.5194360101603	43.1072502937427	36.00882200576	51.0967514601156	15.8689860749052	43.5927568508652	35.6224985231598	37.8305043236397	42.7189970035304	42.5266729091444	42.4092327241773	78.3914911037715	50.5449619214695	29.4396108082719	50.8160203712436	30.2501509788454	31.3414367942207	34.1576731066863	31.2250078653973	19.8703449691311	21.7603033328284	53.7031856624945	31.242211773876	40.9717562965219	18.4192727017908	37.714522643111	40.1813942414993	12.075740440834	33.897686802801	14.3633943551095	35.3628623195336	21.4785988537045	36.2275307274031	25.0891047948892	20.3087326328114	40.2499344682169	24.2846358449267	34.7533603535132	38.4873620312691	21.3651038359987	47.9714991895752	30.1005791421953	32.7131451659097	45.7304061998898	28.7022800948941	38.6880240159489	31.1830151805184	37.8429291020481	20.8443290082547	14.8964189672307	46.9095535030628	36.4956880314191	41.8432623539489	19.4023575514957	35.2693586006691	22.3014383886056	29.5107364007924	52.6071815644407	43.3855428380066	24.0702178314722	27.8143337755619	67.7392359563297	49.6093584786693	40.0409975486089	29.0091350204267	41.3230055146903	16.4013760591395	36.312196642735
1959.89792403213	29.5169705787226	36.981478587671	47.4281148987203	57.5063739748794	72.1627875751945	45.2623801173939	36.9584819936402	53.0724443313388	78.2118616699251	38.9668397178857	34.2415629673046	51.7604827316791	31.7701972340665	45.5741762728045	28.5149340676554	63.8885567244245	39.6976545377109	64.5595552286364	44.1308941515297	27.0357692277819	20.8837672987983	29.2571078233643	26.3533208085714	53.8660406817932	37.947042718897	28.3657345510167	25.2619594820849	26.0492600191679	30.502198716776	38.4882704422714	58.2991946505141	37.1778301798824	16.3553922024188	44.3384693267228	39.5653703998956	52.2489211602948	18.0889597671808	44.8519984527012	37.1264656340442	39.3334657317582	45.5213827340145	43.5968481995738	42.4597977839545	78.3914911037715	53.8982582829205	33.0105352902195	52.6699210925318	37.127323934676	32.2243020742302	35.43526529683	32.4697840827286	21.1290180441938	24.6094920342471	55.666819912871	33.0698564537794	42.7520136429026	21.1661684652435	38.3527690225215	42.5027534190956	17.4549197845362	35.5631378018187	15.9393730119505	37.7239161263442	22.1688746851684	38.3248981497444	26.8616719093545	22.7184661446046	41.7865673385849	26.4975725803766	35.4961025290996	38.8039640808192	26.9905796248562	49.2386488330106	32.2299385943035	35.901493112674	50.8496802332642	30.2816125997092	42.3277672250799	31.9730379594391	39.364779616581	22.5037363110078	17.6550716997698	48.2922398090049	39.7280396760096	42.7707461840932	21.566757987651	36.3665152763444	24.6228754620759	31.3143764659768	53.0108282350926	44.2984206570659	24.5773210324081	28.6170569263053	71.2980393238677	51.7455209192397	40.2424822331623	29.3556630886506	42.6441618029759	20.6086515038961	37.5877559551247
1963.66146029369	31.8657537272921	38.4583959635927	49.0250805026468	63.5245881607169	72.4048010415145	45.5578313380423	39.2385213342303	59.6156060363009	78.2118616699251	43.8927102640268	36.6202795758473	53.3314802262101	33.8431242301062	47.9916164999297	29.2764508740194	69.9316664207221	41.9722442822944	64.7650740670048	46.5354305196846	32.118855629786	21.1658130632219	30.842351467964	29.7776750639822	54.2070173532642	38.3219494298702	29.2970440336815	26.1369550825621	30.1178613540813	32.2526057274741	41.1470755803721	58.4269929607111	38.4163591308892	18.5411501965151	45.6602063642705	42.9043055991536	53.4046132830183	20.3693807815446	46.1469128624631	38.6304060531458	40.8389400411724	48.3650694618015	44.6670223530304	42.5105047865519	78.3914911037715	57.2878026635415	36.2173456015708	54.5259872696772	44.0527663774934	33.1510708195782	36.7925051192215	33.9721991674554	22.5346974178932	27.467401434128	57.6428976647606	34.9142948034486	44.5373032746622	24.0304665841038	38.9920634227823	44.7896719513589	22.89040458248	37.2285883710145	17.9475941222911	40.1030175104439	22.9888587255994	40.4435548254039	29.6768983587812	25.1534468745136	43.7520609817003	28.8272714083123	36.2405247047163	39.1226591469974	32.6183229839932	50.5145934080419	34.3643267962736	39.1822080598937	55.1077828624323	31.9237260934367	45.2342016733856	32.7668665458389	40.8866300346728	24.3901399232702	20.5196206047416	49.674989733967	43.0317262952461	43.7102564793199	23.7312176237212	37.487401189011	27.0607301657069	33.2285881587646	53.4183120588812	45.239994026721	26.9038059222529	29.6978855458686	72.0354679035732	53.8879235944828	40.4525110536158	30.1772066624365	43.9684918716238	25.1146742638253	38.8724177947482
1967.42499655525	34.3147252246956	39.9466845197646	50.6386650305295	69.0379464289299	72.6475903031865	45.8532956239199	41.6492007802001	66.254615711883	78.2118616699251	48.8205224608964	39.1150566694872	55.237187962252	36.060169713538	47.9916164999297	30.0379638585989	75.5458968195777	44.259325497622	64.9725339388971	48.9471827814859	37.2571102280894	21.6776198172596	32.5536873600837	33.4989013146923	54.5480142093984	41.1309700624948	30.1744711386452	30.5999641175166	32.4671180561203	34.0944926953573	43.8731642941509	58.5549100398283	39.6594211024512	21.1859576870001	47.9926477266707	44.1761240067979	54.5636042803806	22.6921693219012	47.4745811401797	40.1343197747239	42.3466688360753	50.0101358332867	45.7371953693639	44.1518757535246	78.3914911037715	57.8679660109164	38.3334954963515	56.3840113967218	51.0078433436534	34.6393807877317	38.2209115689527	35.7728516939595	24.0616461917677	30.3316399604607	59.6301884500111	36.7730087621742	46.3270480801847	26.9181407384479	39.6323552274393	47.0845561229926	28.3508596354471	38.8940385105491	20.0239217926085	42.4971529673502	25.0775527652528	42.5803275728143	32.5139385163005	27.6071189106856	45.8497964752749	31.2476547987901	36.9865279092563	39.4433965656358	36.2304900793617	51.7986838650213	36.5028970707995	42.5341794585902	55.1692610711718	33.6194250655413	48.1692723417184	33.5642339690505	42.4084803564416	26.4550682610007	23.451486217074	51.0578030581671	46.3916975846659	44.6610349142865	25.8956625907963	38.629951975628	29.5863566831119	35.2353556718973	53.8295465009949	46.2085090841261	29.3415605132129	30.9975950619891	72.0575823307579	56.0358605866842	40.6709521871686	31.2225165090921	45.2957215805012	29.785076871471	40.1653113027729
1971.18853281681	36.843950355503	41.4451262969157	52.2673300930128	69.0379464289299	72.8911476437381	46.1487728336471	44.2495405435296	72.9642170550507	78.2118616699251	53.7501920214212	41.6335982323051	57.1430563771045	38.3201372536785	47.9916164999297	30.7994730206976	75.5458968195777	46.5571188971528	65.1819164792047	51.365147344678	40.0876381827381	22.3173263959853	34.3723011893371	37.428632073434	54.8890309116816	43.9501317149135	31.2904837372212	42.318908246878	34.8295048366939	36.0138522800176	46.6220746672434	58.6829451231149	40.9066057670892	24.0011479259443	51.2063715293871	45.4521505446432	55.7256885888191	25.8419287060877	48.8323317923753	41.6382067935732	43.8564288585243	50.8398963622099	46.8073672486441	47.1465155136334	78.3914911037715	58.2829294677233	40.5319197866816	58.2438122320531	57.9827901196353	36.8432450463212	39.7128090350229	37.8088814959714	26.602108982193	33.1352165766309	61.6276139197104	38.6439468833403	48.1207554525619	29.2349317004572	44.1095912677921	49.3863060919588	32.849833353583	40.5594882202078	22.1493229124399	44.9039343511961	27.0052266108028	44.7326247083216	35.367585593251	30.0750213916715	48.2371834980524	33.739237280337	37.7340207903888	39.7661269869575	38.003586156816	53.0903299914643	38.6943361660172	45.7555215467698	55.2307432891975	35.3610040100871	51.1380415383092	34.3648968857437	43.9303305817002	28.6599988272675	26.4284461571908	52.4406795838345	49.7967358552954	45.6223776401293	27.4393769699492	39.7923026265674	32.179203363434	37.3197516339049	54.2444468597223	47.2023077121008	31.8651017174678	32.3367964609982	72.0804780161356	58.1887284832846	40.8976713813318	32.4699844587238	46.6256074268849	34.5540579377506	41.465668966334
1974.95206907837	39.4380272915532	42.9526654824009	53.9097096454725	69.0379464289299	73.1354654256856	46.4442628288519	47.9428316472261	75.8470120860914	78.2118616699251	58.6816624559575	44.856074978877	59.0490795499717	40.6158761932444	48.3142638731884	31.5609783603761	75.5458968195777	48.7217989051159	65.3932033878526	53.7884986682259	42.7021495931399	22.9739865247533	36.282078350192	41.5077567031411	55.2300671300268	46.7776286693587	32.6206480010966	42.318908246878	37.2025847681866	37.9989711283203	49.3859687259695	58.8110974519198	42.1575500588739	26.8311465881044	54.4468946415112	46.7320461615746	56.8906769126984	29.3511020448858	50.2177248417017	43.1420671036732	45.3680262730003	51.6829606463544	47.8775379904755	50.1414613451382	78.3914911037715	58.7008795165253	42.7999678098324	60.1052307953552	64.9720085973042	39.0532239230981	41.2613138889175	39.8654548263491	29.4356720262664	36.2470715059733	63.6342259131002	40.5254241519657	49.9180025608955	31.6715087793872	49.5608061817793	51.6940148501488	35.7740588848234	42.2249374997949	24.480801142712	47.3214478230155	28.6075754612785	46.8983130325124	38.2341603960763	32.6113638142526	51.3367687431085	36.2873793534607	38.4829189129873	40.0908023484072	39.8165316410056	54.388994321889	40.8918311457333	48.6264665951936	55.2922295041212	37.1420120220079	54.1349753466317	35.1686331384548	45.4521807106034	30.9750845643218	29.4369765043367	53.8236191314623	52.8533753174778	46.593631381849	27.6483460162148	40.9727691740878	35.1626629800196	39.4694796361583	54.6629302567921	48.2198269194824	34.4556261251963	33.7107883894539	72.1041542560983	60.3460086634468	41.1325322914427	33.8972947040486	47.9579324460632	39.2923803264789	42.7728124176894
1978.71560533993	42.0849988319228	44.4683833951843	55.5645882904843	69.0379464289299	73.3805360889714	46.7397654746549	51.6693586060175	75.8470120860914	78.2118616699251	59.7089870110127	48.1437087140718	60.9552522964838	42.9416625419331	51.2485871922229	32.9264238334056	75.5458968195777	50.7603666790391	65.6063764334102	56.2165518347539	45.4831408287478	23.646193655991	38.269385961036	45.6963466057967	55.5711225424351	49.6120619696475	34.1399840715146	42.3505142979245	39.5844951426248	41.5629150244565	52.1771221178333	58.939366273488	43.4119317174624	29.6717646676283	57.7097075839591	48.0155069636452	58.058394694891	32.8607697349782	51.6285350789772	44.6459006997418	46.8812920088331	52.5386934581631	48.9477075949709	53.1367073415027	78.3914911037715	59.1217534725239	45.1271673479113	61.9681270712484	71.9720632319701	41.2683592250014	42.8602937262616	41.9395714733242	32.3175145472224	39.6588699269777	65.6491880556514	42.4160457654699	51.7184245590405	34.2023036504623	51.9526106882636	54.0069282225302	38.6992322603438	43.8903863494397	27.2483638657492	49.7481437067053	30.2338208757282	49.0756236756276	41.1109950535604	35.5758199762587	54.4558252055063	38.8809844509474	39.2331441312873	40.4173758457866	41.6641337340458	55.6941867264448	43.0937306642454	51.5590205265739	55.3537197036907	38.9570440327737	57.1556529043599	35.9752395958329	46.9740307430155	33.3774456570189	32.4684420843234	55.2066215393226	54.4469055884668	47.574189736374	28.5624435136932	42.169831346321	38.332273999521	41.6744310724976	55.0849156214441	49.2595970354935	37.0991423192337	35.1154919612333	72.1286103230453	62.5072530860147	41.375396807837	35.4827472326068	49.2925027466236	42.5148099126447	44.0861403889381
1982.4791416015	44.7755164047851	45.9914777501417	57.230882461653	69.0379464289299	73.6263521510705	47.0352806400403	55.4225514540048	75.8470120860914	78.2118616699251	60.0756705507015	51.463459691405	62.8615700568206	45.2928799046533	55.313504869012	34.3983245115764	75.5458968195777	52.8138048495905	65.8214174574452	58.6487340961062	48.4019307916586	24.5491505684808	40.322774530881	49.9669368195605	55.9121968346695	52.4523318781102	35.8244717148874	52.1603967603511	41.9737896071426	46.0071256876865	54.9913926443758	59.0677508407577	44.6694638339695	32.5202631154253	60.9912377774909	49.3022598813069	59.2286807495343	36.3709079058714	53.0627351974805	46.1497075761355	48.3960779546398	53.4064909564124	50.0178760616135	56.132248829808	78.3914911037715	59.5454899862761	47.5048489381282	63.8323772779786	73.5548826342106	43.4878858968869	44.5043109674727	44.0287729937787	35.2358253097087	43.2998751941974	67.6717602777148	44.3146486669606	53.5217050813749	36.8079083123929	56.7454385788287	56.3244143168769	41.6252309945652	45.555834768842	30.2091963634785	52.1827551446925	31.8803202255203	51.263079517926	43.9961108898993	38.6734108147239	57.5912018511442	41.5115526465421	39.9846240265469	40.7458019064192	43.5419893804443	57.005459604231	45.2994196428393	54.54324697496	55.4152138754627	40.8015618995478	60.1965088028047	36.7845302381933	48.4958806789288	35.8495721740764	35.0961375468627	56.589686659381	56.0540228688555	48.5634896889191	30.1175888903953	43.382116408066	41.570826046326	43.9262910225731	55.5103236751861	50.3202390004016	39.7851237048413	36.5473706497274	72.1538454651253	64.6720728114613	41.6261253738858	38.8247655693784	50.629144561916	46.0768145850828	45.4051184787766
1986.24267786306	47.5022107332727	47.5212454188505	58.9076241172489	69.0379464289299	73.8729062065238	47.330808196495	59.1974636565933	75.8470120860914	78.2118616699251	60.4532167296412	54.8095042075041	64.7680288044016	47.6657766666079	60.2813292896181	35.9100083392724	75.5458968195777	54.8804560213303	66.0383083785072	61.0845629987122	51.4350717273221	27.6085199720708	42.4326633691762	54.3002348467328	56.2532897000206	55.2975624885748	37.651989990354	62.1674261992948	44.369329117982	50.6310335008284	57.8254131517258	59.1962504125431	45.9298902306471	35.3747784049144	64.2886234486095	50.5920589444287	60.401386041659	39.8815010091239	54.5184792982795	47.6534877272849	49.9122538288537	54.2857795917502	51.088043390649	59.128082058638	78.3914911037715	59.9720290259898	49.9258224661052	65.6978715925466	74.5241379428349	45.7111860405005	46.1885592199322	46.1310297574414	38.1822734906876	47.1170793864722	69.7012857455474	46.2202563337257	55.3275685282185	39.4735309849675	61.6118883152069	58.6459399429484	44.5519646930089	47.2212827581141	33.3118946698261	54.6242372926998	33.5441045906881	53.4594388247345	46.8880110533166	41.8746157000045	60.7403832472483	44.1725001500711	40.7372914030298	41.0760361596876	45.4463565590774	58.3224036090667	47.5083962059795	57.5711111452776	55.4767120072111	42.6717442647432	63.254641448294	37.5963344598695	50.0177305182631	38.3780138862803	37.7488594004994	57.9728143569122	57.6736128118356	49.5610083476804	32.2211468470934	44.6083842827736	44.8634376436267	45.9470519206287	55.9390769131936	51.400460999697	42.5055535880137	37.9843918237587	72.1798589059214	66.840128667382	41.8845772920558	43.300984589896	51.9677017406372	49.7056030721607	46.729270436787
1990.00621412462	50.2592219488212	49.0570680496722	60.5939466120982	69.0379464289299	74.1201909257316	47.6263480194485	62.9903080986637	75.8470120860914	78.2118616699251	60.8414241240051	58.1773168603186	66.6746249692703	50.0572808747954	61.6446005062018	37.4566702054553	75.5458968195777	56.9588933245454	66.2570311958827	63.5236293971618	54.5635025135954	30.6843741668443	44.5910439964751	58.6823982834984	56.5944008394798	58.1470478893751	39.6027793379734	72.2901467093659	46.7702051416402	55.3896901737118	60.6764239007467	59.3248642534083	47.1929815328177	38.233999993544	67.5995485716687	51.8846820738625	61.576372591707	43.3925384534264	55.9940870933982	49.1572411475913	51.4297045907063	55.1760149489773	52.1582095815353	62.1242039761911	78.3914911037715	60.4013118602113	52.3841068033803	67.5645122467126	75.496345053066	47.9377553828609	47.9087980681951	48.2446541092504	41.1508435070979	51.0710797218577	71.7371797986878	48.13204352539	57.1357737651566	42.1878150479228	66.5358143734007	60.9710522355569	47.4793651784879	48.8867303169705	36.5204017152558	57.0717213394076	35.2227374012935	55.6636511470461	49.7855432428816	45.1574174758254	63.9013396849325	45.7344026016681	41.3827707078294	41.4080354100739	47.3740459523036	59.6446438498711	49.7202469347171	60.6360762878611	55.5382140867632	44.5643621713976	66.3276692340913	38.4104955616296	51.5395802612271	40.9523686561893	40.5961264898981	59.3560045083425	59.3046744347784	50.5662598983504	34.7737822355378	45.8475139812675	48.1990739457914	46.6474024325608	56.3710995833611	52.4990546363675	45.2542506752158	37.9843918237587	72.2066498451398	69.0111236114093	42.2989906924085	47.8317157713694	53.3080335958662	53.3875736137354	48.0581707224727
1993.76975038618	53.0418491893746	50.5984000369656	62.2890724502496	69.0379464289299	74.3681990555127	47.921899986644	66.7981410468774	75.8470120860914	78.2118616699251	61.2400907782266	61.5633358710309	68.5813553748997	52.4648585321755	62.0908937247707	39.0341633444128	75.5458968195777	59.0478831229124	66.4775679934675	65.9655841342226	57.7717502073725	33.7722770089695	46.7912168720754	63.1032919080779	56.9355299606373	61.0002130622353	41.6595607805677	72.6177340030455	49.175684600717	60.2512102530114	63.5421452215785	59.4535916337719	48.4585318133271	41.0969800758214	70.9221208909721	53.1799283065493	62.7535124953482	46.9040127505999	57.4880290143079	50.6609678313415	52.9483282876676	56.0766805546352	53.2283746343791	65.1206120691697	78.3914911037715	60.8332810382748	54.874707703711	69.4322119239649	76.4713914055204	50.1671784586308	49.6612898836599	50.3682331532601	44.1370980595058	55.1325358776265	73.477113804648	50.0493085832692	58.9461089454205	44.9419619621969	71.505350336152	63.2993642007197	50.4073800515495	50.5521774454192	39.8092181443875	59.5244793572227	36.9142052471372	57.8748225628768	52.6878065469395	48.5052638450794	67.0724170957689	46.0309884618179	41.6886413110727	41.7417576084137	49.3223305333754	60.6699343825566	51.9346283035037	63.7327900224688	55.5997201018366	46.4766767887712	69.4136216045834	39.2268694086827	53.061429907426	43.5645235891168	43.5998534618594	60.7392570002054	60.946307032137	51.5787927713171	37.6843914529106	47.0984913089605	51.5694267358044	47.3482404460081	56.8063176647508	53.6148908154496	48.026390790651	37.9843918237587	72.234217458427	71.1847964452211	43.200740376118	52.4029071858354	54.6500130597209	57.1124549553945	49.3914381371035
1997.53328664774	55.8462885407695	52.1447584149453	63.9923026608611	69.0379464289299	74.6169234174551	48.2174639796598	70.6186427021958	75.8470120860914	78.2118616699251	61.6490145679675	64.9647245319012	70.488217185368	54.8864045289256	62.5372104371728	40.6389079691007	75.5458968195777	61.1463544449684	67.1992570254187	68.3957059723927	61.0472371073627	36.8692632616856	49.0215295783166	67.5553537971437	57.8986138558557	63.8565850400993	43.807440644838	72.6177340030455	50.0894818581976	65.1926167454615	66.4206800057444	59.5824318292508	49.7263557226446	43.9630165778397	74.2547807066887	54.4776153916237	64.0116576957544	50.4159184358958	58.9989123334328	51.4282462949722	54.468034254742	56.9872866637719	53.2283746343791	68.1173042444828	78.3914911037715	61.2678803713407	57.3934371740526	71.3008924054133	77.4491697886628	52.3991099874029	51.442740732021	52.5005763488901	47.137700639569	59.2794435336902	73.5856516927726	51.971451496456	60.7583872296748	47.7290878552745	75.2053959356833	64.6356203479127	53.3359683666634	52.2176241432825	43.1600591477776	59.9177329317826	38.6168332355744	60.0921880829453	55.5940867906707	51.9055817754391	70.2522551643647	46.3284190748936	41.9978210918039	42.0771618246409	51.288870490523	61.1777010850519	54.151252579515	66.8568408918952	55.6612300403648	48.4063556538105	72.5108557892228	40.0453232354534	54.5832794571862	46.2080928428793	46.7298902678092	62.122571728236	62.5976987039887	52.5981870159207	40.876618063897	48.3722192616595	54.9681479415474	48.0495450562409	57.2446588436805	54.7469154670547	50.8181650407111	37.9843918237587	72.2625608980031	73.3609166112043	44.1137300426244	57.0049047123759	55.9935250913643	60.8723829801391	50.7287303602964
2001.2968229093	56.1977901831778	53.6957143451323	65.2840230370398	69.0379464289299	74.8663569081529	48.5130398820242	72.0314045329923	75.8470120860914	78.2118616699251	62.0679935432872	68.3791988008192	72.3952078598729	57.3201581666194	62.9835503451471	42.2678103062582	75.5458968195777	63.2533738327034	68.0631523276947	68.4562381164966	64.3797058380955	39.973278851758	49.1891405004135	67.9775055782834	58.9336773444604	66.715771333404	46.0337003765079	72.6177340030455	50.3135760962849	68.1819011712464	69.3104384368968	59.8055704400655	50.9962860212089	46.8315785747843	77.5962318947968	55.9873211248602	65.2820439511133	53.9282514093321	60.5254683515114	51.4282462949722	55.8457290472626	57.6242465028631	53.2283746343791	71.1142787413993	78.3914911037715	61.7050549123657	58.8792599693373	73.170483418903	78.4295780444386	54.6332607247531	53.2502464327884	54.6406743677742	50.1500988122063	59.7147322673197	73.6942289352004	53.897956403839	61.032667678092	50.5437527766396	75.8629146998783	64.6356203479127	55.1437712350228	53.8830704107285	46.5596001097659	60.2956882331047	40.3292190536262	62.3150895913183	58.5038107645601	55.3487120469179	73.4397256840928	46.6266782754464	42.3102375329725	42.4075186816711	53.2716510354252	61.685937703858	56.1317621872804	70.0045691633568	55.7227438903338	50.3514041824539	75.6179925827853	41.3323853036157	55.6042701041468	48.8780024818712	49.9625139839518	63.5059485956595	64.2581163026241	53.6240518698143	44.2896475414018	49.7328728768375	58.3903192874822	48.7512965472805	57.6860524896402	54.9482978336632	53.626533056186	37.9843918237587	72.2879138341785	75.5392798634851	45.0372761321047	61.6308803810013	57.3384653023793	64.6612562517991	52.0697392496665
2005.06035917087	56.1977901831778	55.2508859176317	66.2302745534592	69.0379464289299	75.1164924981563	48.8086275808223	72.0314045329923	75.8470120860914	78.2118616699251	62.496826249604	70.2972489199169	74.3023251154561	58.7378565352527	63.4299131582478	43.9181920797726	75.5458968195777	65.3681245668565	68.9347354001126	68.5170275955268	65.3876143454755	43.0828574365872	49.3594712055935	68.3568806781029	59.9833461795164	67.2638079606648	48.3275390560672	72.6177340030455	50.5377006224963	68.1819011712464	72.2100794237947	60.2368692939923	51.7776914813715	49.7022572527218	77.5962318947968	57.9688166471923	66.552874569882	57.4410085188715	61.3787813719426	51.4282462949722	56.9232737384788	58.083532544667	53.2283746343791	74.1115340634693	78.3914911037715	61.7050549123657	58.8792599693373	73.3436669067828	78.4295780444386	57.9577000336568	55.0652574810072	56.2440469619245	52.6844546594552	59.7147322673197	73.8028453629302	55.8283775393531	61.2479528841284	53.2248560375063	76.5209506615856	64.6356203479127	56.279568704525	54.0055677720051	49.9979686329455	60.6747956255475	41.7952341664016	62.8431111905386	60.5570022929685	58.7780205899649	76.6298442217058	46.925750264557	42.6258194947981	42.7185089877792	55.2689309272315	62.1946327868712	56.1317621872804	72.3274368702239	55.7842616396199	52.3101096530485	76.1800765346784	44.4177719318587	56.4036470910937	50.4276754705004	53.2790648239011	64.0995330675664	65.9268966180447	54.6560235143752	47.8763155904118	51.0941072588513	61.8320805151386	49.4534763105302	58.1304296287374	55.0495404047227	56.4490429127617	37.9843918237587	72.2879138341785	77.7197046450398	45.9707424198517	66.275880859022	58.2968319009896	68.4742813679476	53.5393498126567
2008.82389543243	56.1977901831778	55.6853294901808	67.1768696760309	69.0379464289299	75.1164924981563	48.8086275808223	72.0314045329923	75.8470120860914	78.2118616699251	62.9365714469812	70.9686224156386	74.7697200826101	58.9079060770715	63.8762985947044	44.1254062448586	75.5458968195777	66.2159865282097	69.8137224906781	68.578073732961	65.8635715807161	44.9639362181157	49.5324937441347	68.7366379886427	61.046875193418	67.2638079606648	48.8211814777017	72.6177340030455	50.7618550737462	68.1819011712464	74.4009130535678	60.6681916621843	51.7776914813715	49.9051704848823	77.5962318947968	60.0237756591498	67.8241258402483	57.9369310818151	61.8428292652731	51.4282462949722	58.0028771084663	58.5436975880225	53.2283746343791	76.1099989745086	78.3914911037715	61.7050549123657	58.8792599693373	73.3436669067828	78.4295780444386	62.196468674583	55.1346143037592	57.0664597248824	53.5512435822141	59.7147322673197	73.9115008083807	56.4146589192463	61.4634472046873	54.7896515641491	77.1794912872926	64.6356203479127	57.4157272687263	54.0055677720051	51.4051070490041	61.0550336589365	42.597326988697	62.8431111905386	60.5570022929685	58.7780205899649	77.3622600197823	47.2256196010066	42.9444972186583	43.0297062497676	56.8888874557573	62.7037752427746	56.1317621872804	72.8458730160631	55.8457832764752	54.2334762001292	76.1800765346784	47.7920966250475	56.4036470910937	50.4276754705004	55.794517257896	64.2155233061194	67.6147974115216	55.174846868792	49.1031915727093	52.4558867937044	62.1720833790261	50.1560667672206	58.1304296287374	55.1509505846527	58.8492092089323	37.9843918237587	72.2879138341785	77.7197046450398	46.9135367471035	66.275880859022	58.2968319009896	69.4318435799601	55.466775748093
2012.58743169399	56.1977901831778	55.6853294901808	67.1768696760309	69.0379464289299	75.1164924981563	48.8086275808223	72.0314045329923	75.8470120860914	78.2118616699251	62.9365714469812	70.9686224156386	74.7697200826101	58.9079060770715	63.8762985947044	44.1254062448586	75.5458968195777	66.2159865282097	69.8137224906781	68.578073732961	65.8635715807161	44.9639362181157	49.5324937441347	68.7366379886427	61.046875193418	67.2638079606648	48.8211814777017	72.6177340030455	50.7618550737462	68.1819011712464	74.4009130535678	60.6681916621843	51.7776914813715	49.9051704848823	77.5962318947968	60.0237756591498	67.8241258402483	57.9369310818151	61.8428292652731	51.4282462949722	58.0028771084663	58.5436975880225	53.2283746343791	76.1099989745086	78.3914911037715	61.7050549123657	58.8792599693373	73.3436669067828	78.4295780444386	62.196468674583	55.1346143037592	57.0664597248824	53.5512435822141	59.7147322673197	73.9115008083807	56.4146589192463	61.4634472046873	54.7896515641491	77.1794912872926	64.6356203479127	57.4157272687263	54.0055677720051	51.4051070490041	61.0550336589365	42.597326988697	62.8431111905386	60.5570022929685	58.7780205899649	77.3622600197823	47.2256196010066	42.9444972186583	43.0297062497676	56.8888874557573	62.7037752427746	56.1317621872804	72.8458730160631	55.8457832764752	54.2334762001292	76.1800765346784	47.7920966250475	56.4036470910937	50.4276754705004	55.794517257896	64.2155233061194	67.6147974115216	55.174846868792	49.1031915727093	52.4558867937044	62.1720833790261	50.1560667672206	58.1304296287374	55.1509505846527	58.8492092089323	37.9843918237587	72.2879138341785	77.7197046450398	46.9135367471035	66.275880859022	58.2968319009896	69.4318435799601	55.466775748093
