mean_branch_dispersal_velocity	weighted_branch_dispersal_velocity	branch_dispersal_velocity_variation_among_branches	original_diffusion_coefficient	weighted_diffusion_coefficient	diffusion_coefficient_variation_among_branches	isolation_by_distance_signal_rS
69.9122313934113	9.29525698797445	4.2075331831573	1332.2281064974	392.916040533749	3.32630233849489	0.0641777611475948
60.3168466091938	13.0641390022633	2.64481837682564	1836.48637288175	687.596425658197	4.06926229338863	0.0374877599585564
31.2436304883156	10.7830391738775	2.12411375230028	1007.29416525191	500.790793598985	4.15315058470753	0.0733394258156406
27.9997380212527	11.9283058571622	1.76402652932537	1065.93785598233	579.918312731252	2.36682679947119	0.0537013762876248
29.0790231578226	11.3648774997065	2.46489573512811	1216.56119146845	549.503069203169	4.17407199740422	0.0692062830168461
22.7929457681705	10.5150980252255	1.39041798145473	753.719386213479	503.415150877507	2.74753517779413	0.0574839472432922
37.8555475306801	10.8802119889612	2.24143566864276	1365.13286457773	526.243937614589	3.01528857360235	0.052195788735398
44.0226951123136	12.2054437764085	2.27860437123554	1768.16128143294	602.312589034205	3.80661381511076	0.0539265065730218
43.1413279371296	12.3940543763171	2.98793612162429	1882.50774495225	609.542475871024	4.83474097253245	0.0267764899325254
28.788357946068	12.3918227017375	1.5299792903574	1070.84474675477	625.782406902253	2.72717953218828	0.0425851654849985
31.7370402767651	12.7487205987113	1.56005315879656	1035.46963657194	615.032011231996	2.80895286505404	0.0394880608344413
54.9419986460708	12.6947380967483	2.84825072041625	2149.21957079438	577.591391938837	4.29588074274761	0.0444734931282
36.3476328396128	13.4405671612538	1.59774432446547	1044.35801386286	580.667097863032	2.32421737224541	0.0675819108851443
31.5114049943172	10.4070438092375	1.82488749087191	929.95382320365	453.316389682093	3.35572083996852	0.107003622895078
21.3228241038571	9.87782969928264	1.21233091753293	641.864233963562	454.937097109078	2.38883512475822	0.0988415732711189
36.4531547762096	11.6436923280789	2.30515137990623	1339.62500195671	522.471566514961	3.68252979496211	0.0322292834476217
34.8672406954113	12.0735675807713	2.19506451354737	952.133145442568	597.560901113792	2.6939047417536	0.0594207995493041
42.2038068028566	12.1314073849898	1.54634788158764	995.166960023786	542.233537384666	2.0745720198668	0.0473621415883462
25.9957784585485	11.5583202355232	1.42384660027167	878.66449698681	512.586793121343	2.37994424671056	0.083023041594961
42.656411517599	11.8323931629978	2.94598924806593	1363.70077793712	525.370769414475	3.90935653226463	0.079542532153829
30.5857267699094	12.3143067894257	1.56556438922508	1129.13877673092	645.588366175208	2.81393231174463	0.0529996890476653
48.7079365531624	12.1361432161108	2.79689957481916	1172.63682639794	555.066665797141	2.58653843208172	0.0289135795399594
62.370917196956	11.3881636017923	3.32911477724342	1774.33426687229	647.907073060131	3.1487777883383	0.0727852621837168
35.3846141644119	12.9396689095481	1.715820504575	1246.82965622272	658.637169849382	3.24618318584656	0.0387682265898451
49.1190786379319	13.2056482487874	2.61305849746281	1734.93163049759	584.903723967299	4.69994189149775	0.101818490399347
56.180073161504	12.6558631932036	2.86489600254676	2441.7342277437	595.000519069423	4.06647705382948	0.0196338943585397
30.9268114228321	11.2523101493161	1.43834410157641	942.272659541355	569.881026838777	2.52067490018404	0.0515325694647425
32.0877059313539	10.414974652107	2.19319698454668	1317.61206980671	529.145395046599	3.83229889954857	0.0470843060531887
48.3534121667603	10.5709415828606	2.82592335447077	1496.07023196549	508.726149290897	3.40428834416788	0.0267981942205402
31.9797161688255	11.2651123084117	1.91220366454079	1025.30810161087	526.959832122517	3.3991305892621	0.0507096087146682
30.3971839984788	12.8123524792256	1.46821068738042	1097.02069000503	622.19693730939	2.87698636842895	0.0666272063291357
47.212167960089	12.0716187919157	3.51843888065527	2244.18982670556	604.79146841947	5.56621178934743	0.0532048999471354
32.7932517886721	11.776413973117	1.43252978073918	1019.39514039963	607.47019018841	2.67512516752352	0.0230988555561655
23.7528294573217	9.64178279594054	1.51463154929589	736.297946594839	460.557596452594	3.09119501084479	0.0726163014160276
34.5407919144989	13.1976365594213	1.57048536133633	840.371445572803	563.122459604961	1.76451009102928	0.0563565683547959
45.7342148550292	10.7848073303259	1.99926466380686	1260.57280865857	521.111221290424	3.3416908405078	0.0102116890318469
41.0733373262327	10.7226861184956	2.98412629575477	838.079058039212	490.122786307807	2.19681777279292	0.0500101986374768
109.157883607629	10.7778863659807	6.05800505965396	5674.26088228167	524.043441890885	6.88553157041699	0.0301005008736505
41.1257188764773	12.2844646389806	1.92331158065241	1539.88477764554	648.709292396198	3.44771907437282	0.0283986961904945
43.9173334659048	12.5115144648823	2.65552174741022	2269.74265826284	584.590719553322	5.37399022164545	0.064395157302227
36.7391426048938	12.7461011236103	1.68768725164434	1531.16833812588	670.226442209622	3.18926036938189	0.0333769177490454
25.1209215850457	10.0701391978855	2.01777639981531	946.476461521817	469.7147212283	3.50883929374666	0.0777015769776532
28.834358326125	11.6451084938538	1.77945621606857	891.847805433456	524.930604178418	2.40135069690722	0.161222684457821
21.2038358515106	9.39827232967064	1.69284622134796	852.001715338451	439.397660208899	3.18089455383049	0.0466695600824555
41.5618087782216	10.1166771699718	2.00007491674247	1276.29635849297	459.589654524919	3.04006033718085	0.0594203584276403
37.4916836526696	9.9604838583823	1.75933184773428	830.062758933936	476.730923601751	2.12324415539935	0.0365003678062022
29.4174513325258	12.3896533193445	1.7710833857713	1326.91199149775	691.878319523964	3.83664626159092	0.0486967299393268
48.6779072431271	13.196640335849	2.96351273707806	2234.39596732214	742.190079054279	3.7575714706328	0.0605492012578414
92.8520827164374	11.8348533005602	5.28080464052746	1071.12298364148	557.254070243848	2.83536889343887	0.016928244636172
35.7587782553797	11.172293627867	2.30859831194204	906.004062946714	488.064176173177	2.87763677689466	0.0474469714154287
35.3077153108108	11.8981379464666	2.20587844792158	1348.83361373809	653.22566572748	3.87857957925663	0.0395865063185736
30.0686713120763	10.133002885521	1.41374329159335	762.313171105711	464.335849588607	2.17500639060394	0.0453951609486472
33.4978158828206	11.3557089385121	2.02826546383817	1091.97759178502	537.124253862822	3.71960315293695	0.0521104893086187
37.4996631506262	10.4021025570446	2.83272619873805	814.680923002319	513.001324267492	2.53756086279692	0.0736276809937617
39.369156276877	10.8035111658118	3.35652296231458	1114.60326739026	548.725619389511	3.86719326031387	0.0235963814957754
36.7189447041546	12.220467447536	2.00764904572545	1335.59570428645	607.436819009094	3.82524794050922	0.0453248278537912
46.6656593871641	11.7721011119268	2.32868042249095	2082.37426794251	606.438046416016	3.44427861685051	0.0474595551318328
58.3847645477848	11.952661413508	4.32923444360771	1324.2153409226	550.329052779679	3.52773548446444	0.0536115540234496
98.8222845905092	14.5435423378011	2.66762736868579	3608.68421618473	626.125720162493	4.06513143933056	-0.00190837657865496
24.588423552566	10.858956621671	1.33774290683904	805.206200596432	553.004383963021	2.78231137343216	0.0755228357556004
44.591576758495	12.6911672597633	1.68485678109458	1061.60765121884	568.175712102876	2.08964518705415	0.0510455298223507
65.397211109533	12.7310367983278	2.56722817317817	2838.74206985311	705.517251473401	3.53381909243687	0.0109511908610353
47.4583069616753	12.5047121321904	4.00756991010903	1995.18186709888	603.627646884549	4.74246562901183	0.0618470491792745
54.3926848687652	11.2468461449492	2.89940012137313	1743.55650004604	602.370862138988	3.81159867172869	0.00991832177062546
124.228825846419	11.5940441597394	6.42006846632232	4110.74821525147	475.503864400242	6.96816999072012	0.0261733437243331
44.7659803549686	12.8671986246149	2.23605369507054	1013.13774115583	597.513743404285	2.54688295759382	0.0461170293778994
27.9431252317999	10.693350371772	1.96141513360693	1065.64491598383	486.927784710804	3.31375349047176	0.100996819616303
164.839977975734	12.557131677787	7.24490599986867	7975.51901607436	606.394262881557	8.12524957691606	0.0293686146407532
38.7368740239907	12.1391975823329	1.9472286846394	1291.97725897209	623.170528916736	3.40730638667276	0.0397130736944717
26.9391626152791	9.61318432977824	2.35043754575599	849.47758621354	404.971492078607	3.67793152249548	0.0707152417206673
37.4903752041209	12.158594713369	1.5599477700902	1299.37006744247	570.63367470815	2.69252022611942	-0.000264249970839845
33.4298186440215	12.4628306845395	1.57867730407536	884.240928009403	615.338151348833	2.70037473551426	0.0797923878343329
31.4721365460503	12.099999928949	1.63907916896621	1003.27357147214	594.703650966621	2.81638423999358	0.0720500414212814
23.1805187330334	10.4959079370367	1.29901372559299	635.337245409141	477.264941545456	2.1541625217318	0.0706157705704118
42.779619751736	12.3112505204393	1.79655242287129	1434.34781214273	587.500168570381	2.53494887686046	0.0395051551172895
35.4001804897928	11.8131555225731	1.59754603659586	1049.76324067344	645.494581364707	2.20174656235249	0.0949227469637147
32.9796767070845	11.0306425496907	1.52787416368576	1058.19156840295	468.518726459439	2.52960690193905	0.0562697969893329
49.3371304413196	11.7701298804319	2.21311634785637	1085.57086926756	560.500549964104	3.42851495122375	0.0373746609253593
36.4529880841583	9.55573912153714	2.83546928789742	1068.43460269232	478.971148598876	3.55648923845326	0.0710424689224888
60.4957172608123	10.6476289732303	2.7417143074149	1382.37709679344	515.996160657789	4.63517867907961	0.0483120530341
46.0547906477292	11.1438658846666	4.21334360782854	864.494139575213	532.702628522762	2.51852329948173	0.0793837051897553
33.8182052159151	11.4870196533275	2.13658017897773	1031.40855011066	482.928443876356	3.49179942816889	0.0822416377711471
37.2659031610774	12.3223693373344	2.13501210570726	1560.99204834726	590.231838250247	4.31287228312223	0.0641777611475948
31.6543085675893	11.6098336647462	1.48015228539822	1012.54407922414	567.972052434867	2.40952571204402	0.0311601949089267
37.7981929368681	12.4822233628552	1.85448683609781	1298.12489524895	577.782357103653	3.19845513200893	0.040481351980911
33.5327757088429	12.2009686968685	1.60417049848752	983.319809285421	593.536836832077	2.48557514913552	0.024408468111593
27.2823648369198	11.9627716188609	1.75506381160007	1201.01920334034	656.293572030092	3.01152579696137	0.0359794590612972
167.486461023923	10.8790871865122	7.08217109496292	9637.14443827726	535.753993065417	8.36799156256623	0.0401113483286102
56.5173246090391	12.6877861601808	3.60127608084494	1212.79602507228	562.439650609803	2.83118493442482	0.0453191860825809
28.3984109911726	11.2713145665602	1.66285767772118	1123.92146606254	608.523999446205	2.77823638517707	0.0373432125868604
34.1837730414075	11.4824559683456	1.52908284893558	898.302798148552	536.68809618447	2.61268824602803	0.037345584635847
37.5380331906319	12.2241269009608	1.67572445161784	1179.4925720706	656.016029414029	3.05118356608347	0.0400365700809351
45.9673840291295	13.4510555279477	1.75551712831883	1406.38141205236	635.377607532443	2.99101039979244	0.0375795099671962
21.9835576452583	9.90653021717808	1.54400211290548	783.389742074761	464.213502144894	3.25049764451012	0.104549692549399
37.7117064617825	11.2191962245874	2.48188504292778	1345.37303854612	569.405358593594	3.8701354296536	0.0645518871652747
22.5916351099561	10.9471788902625	1.50440760282885	785.616819011401	537.263570278801	2.98970332447198	0.0715276716215549
22.6284078007686	10.6488509564373	1.60942335365603	829.948596595135	528.405814333994	3.16344170455646	0.0562337460015019
38.8847840589989	12.4659998328784	2.06842457762332	1295.96437056068	547.066326835399	3.14639345880436	0.0435791634571261
32.2924896958303	10.4877373603539	1.67015250140945	1109.42416106443	502.265147871281	2.81017614781944	0.0340227284049067
39.4240730496988	11.6426392160962	3.27726794871529	1450.13323357384	560.136106809392	4.29524963164022	0.0458312067224577
