time	distance
1998.43314913153	0
1998.52422088587	1.60631545801358
1998.61529264021	4.23130392853988
1998.70636439456	7.27381986680312
1998.7974361489	16.2534959646858
1998.88850790324	25.5272020187383
1998.97957965758	36.6376700760387
1999.07065141193	51.1171605399361
1999.16172316627	74.7030901324052
1999.25279492061	111.088789953361
1999.34386667495	167.289585889425
1999.4349384293	227.42508843122
1999.52601018364	305.649614382539
1999.61708193798	397.670164560538
1999.70815369232	513.683571765081
1999.79922544667	653.370822257298
1999.89029720101	807.156886689455
1999.98136895535	965.250757998206
2000.07244070969	1126.81544789721
2000.16351246403	1290.77907245567
2000.25458421838	1456.1549735327
2000.34565597272	1623.20019187994
2000.43672772706	1791.23993186544
2000.5277994814	1960.2401310686
2000.61887123575	2130.16742527343
2000.70994299009	2130.16742527343
2000.80101474443	2130.16742527343
2000.89208649877	2130.16742527343
2000.98315825312	2130.16742527343
2001.07423000746	2130.16742527343
2001.1653017618	2130.2400913375
2001.25637351614	2130.50310240264
2001.34744527049	2134.74270691025
2001.43851702483	2136.38990047843
2001.52958877917	2137.55364860682
2001.62066053351	2143.05121205416
2001.71173228785	2151.57627587946
2001.8028040422	2173.84553297691
2001.89387579654	2228.85492772785
2001.98494755088	2333.2751961925
2002.07601930522	2503.20683919653
2002.16709105957	2712.70907334724
2002.25816281391	2951.73735888528
2002.34923456825	3217.64132077706
2002.44030632259	3482.55849436409
2002.53137807694	3748.81675573636
2002.62244983128	4011.03522278051
2002.71352158562	4267.06621649032
2002.80459333996	4281.48621676832
2002.8956650943	4318.06544693516
2002.98673684865	4355.25833719359
2003.07780860299	4392.42129715227
2003.16888035733	4422.83926940475
2003.25995211167	4460.39155582312
2003.35102386602	4503.28255299461
2003.44209562036	4554.05457871629
2003.5331673747	4628.15116072545
2003.62423912904	4712.14016024057
2003.71531088339	4803.60393287384
2003.80638263773	4889.70398879534
2003.89745439207	5012.94893703565
2003.98852614641	5028.54969325477
2004.07959790076	5045.06388248733
2004.1706696551	5062.21604481395
2004.26174140944	5080.84299970502
2004.35281316378	5101.02736541877
2004.44388491813	5123.87570841388
2004.53495667247	5146.65918446295
2004.62602842681	5168.94124400895
2004.71710018115	5192.86930141126
2004.80817193549	5221.31133587648
2004.89924368984	5253.47057876822
2004.99031544418	5292.04988470929
2005.08138719852	5335.78659695398
2005.17245895286	5345.71281014308
2005.26353070721	5355.69462069748
2005.35460246155	5365.926861207
2005.44567421589	5377.0646849761
2005.53674597023	5388.75220106096
2005.62781772458	5400.39988434453
2005.71888947892	5415.52584940732
2005.80996123326	5432.31599159817
2005.9010329876	5449.95187504181
2005.99210474195	5465.96645003891
2006.08317649629	5482.40774577286
2006.17424825063	5500.28830147237
2006.26532000497	5519.64779521624
2006.35639175931	5542.47712334091
2006.44746351366	5570.06750383044
2006.538535268	5606.21050514989
2006.62960702234	5626.59215966634
2006.72067877668	5627.49885774593
2006.81175053103	5628.40571258914
2006.90282228537	5629.31271431752
2006.99389403971	5630.23967146156
2007.08496579405	5631.32767020395
2007.1760375484	5632.41591221011
2007.26710930274	5633.50438710975
2007.35818105708	5634.59308451967
2007.44925281142	5635.68795071339
2007.54032456576	5636.8290773004
2007.63139632011	5637.97023704365
2007.72246807445	5639.17100230503
2007.81353982879	5641.61639737888
2007.90461158313	5652.4985658324
2007.99568333748	5654.5747048821
2008.08675509182	5656.67322640914
2008.17782684616	5659.0844561957
2008.2688986005	5661.6420157548
2008.35997035485	5664.39601610378
2008.45104210919	5667.48250599354
2008.54211386353	5669.05496369345
2008.63318561787	5671.11606076762
2008.72425737222	5673.23096303483
2008.81532912656	5675.55003427117
2008.9064008809	5678.31690795728
2008.99747263524	5681.0826757494
2009.08854438958	5683.84731521598
2009.17961614393	5686.61080383725
2009.27068789827	5689.44961294366
2009.36175965261	5692.49393139219
2009.45283140695	5695.65445838441
2009.5439031613	5698.43904267962
2009.63497491564	5701.07744997247
2009.72604666998	5703.71314923752
2009.81711842432	5706.34608930142
2009.90819017867	5708.97621866167
2009.99926193301	5711.86013664746
2010.09033368735	5715.26091829793
2010.18140544169	5719.01882509272
2010.27247719604	5723.83155243477
2010.36354895038	5730.2615523384
2010.45462070472	5737.83113621124
2010.54569245906	5745.84906265119
2010.6367642134	5754.1553487899
2010.72783596775	5762.39453012604
2010.81890772209	5771.56310010585
2010.90997947643	5781.36573356926
2011.00105123077	5792.7378894504
2011.09212298512	5804.79448174329
2011.18319473946	5817.55403312509
2011.2742664938	5831.90274036406
2011.36533824814	5849.58754434969
2011.45641000249	5870.93193565912
2011.54748175683	5899.19661843212
2011.63855351117	5932.31383090114
2011.72962526551	5932.60997893415
2011.82069701986	5933.51676211655
2011.9117687742	5934.94689028842
2012.00284052854	5935.2349449929
2012.09391228288	5935.52330041198
2012.18498403722	5935.81195478266
2012.27605579157	5936.15116638447
2012.36712754591	5937.70360994863
2012.45819930025	5941.50000105135
2012.54927105459	5945.29131951118
2012.64034280894	5947.02756152334
2012.73141456328	5948.70640249613
2012.82248631762	5950.38474354746
2012.91355807196	5951.97268399804
2013.00462982631	5953.8549429081
2013.09570158065	5955.81795403223
2013.18677333499	5959.21150182066
2013.27784508933	5964.95841920378
2013.36891684368	5973.2879615033
2013.45998859802	5982.53963308322
2013.55106035236	5990.33622551265
2013.6421321067	5990.98032587725
2013.73320386104	5991.62509799011
2013.82427561539	5992.27053744682
2013.91534736973	5993.37305044839
2014.00641912407	5994.97954540404
2014.09749087841	5996.65202581192
2014.18856263276	5998.32609037216
2014.2796343871	6000.41372283894
2014.37070614144	6002.86071066172
2014.46177789578	6005.30979322347
2014.55284965013	6007.76095553882
2014.64392140447	6010.21418266241
2014.73499315881	6012.66945968859
2014.82606491315	6015.59277228823
2014.9171366675	6018.92871286393
2015.00820842184	6022.58918756927
2015.09928017618	6026.62054264935
2015.19035193052	6030.65498978474
2015.28142368486	6035.2163627239
2015.37249543921	6039.89005788153
2015.46356719355	6044.56695586941
2015.55463894789	6049.41733792241
2015.64571070223	6054.4802323067
2015.73678245658	6059.24744983852
2015.82785421092	6064.01771226456
2015.91892596526	6068.79099461345
2016.0099977196	6073.56727195683
2016.10106947395	6078.98133546762
2016.19214122829	6085.13026488546
2016.28321298263	6091.28495858178
2016.37428473697	6097.6085456058
2016.46535649132	6097.6085456058
2016.55642824566	6097.6085456058
2016.6475	6097.6085456058
