time	95%HPD_lower_value	95%HPD_higher_value
1998.4872421322	NA	NA
1998.57804342154	0	0
1998.66884471088	0	0
1998.75964600022	0	0
1998.85044728956	0	0
1998.9412485789	0	46.8709892538166
1999.03204986823	0	135.012568868776
1999.12285115757	0	243.655859774551
1999.21365244691	0	318.421930975385
1999.30445373625	0	401.710706877154
1999.39525502559	0	568.634860966054
1999.48605631493	0	594.869671303044
1999.57685760427	0	594.869671303044
1999.66765889361	0	594.869671303044
1999.75846018295	0	594.869671303044
1999.84926147228	27.8723732435473	594.869671303044
1999.94006276162	36.1206945731346	688.520741870546
2000.03086405096	39.5110979737375	883.378635404855
2000.1216653403	39.5110979737375	986.40459027638
2000.21246662964	90.3702702038607	1080.77772221562
2000.30326791898	79.5969526096042	1031.23333126326
2000.39406920832	91.3705512417692	1055.33252461634
2000.48487049766	113.263569938304	1100.99976898676
2000.575671787	128.851317220086	1154.42214785703
2000.66647307634	103.051554518826	1148.46451641219
2000.75727436567	110.897492130544	1166.88114946003
2000.84807565501	118.884590162792	1185.67227846792
2000.93887694435	171.63732731158	1244.39746414821
2001.02967823369	171.63732731158	1362.81543037921
2001.12047952303	174.513534079812	2011.83920981229
2001.21128081237	202.904579500758	2033.90289312043
2001.30208210171	202.904579500758	2055.97935686984
2001.39288339105	286.283830042179	2078.06825634087
2001.48368468039	437.049522362438	2110.58351338347
2001.57448596973	471.211211641489	2122.28204132339
2001.66528725907	624.71087128105	2192.79009103244
2001.7560885484	692.046601504727	2237.70093816336
2001.84688983774	950.660178142658	2287.33874213174
2001.93769112708	1117.18857223856	2430.17022705027
2002.02849241642	1264.35383305149	2593.60775532779
2002.11929370576	1412.44751684416	2782.83259925892
2002.2100949951	1561.41480954673	2979.97875717606
2002.30089628444	1766.45261445667	3176.774866045
2002.39169757378	1922.25429178245	3373.1801888178
2002.48249886312	2175.16764645513	3620.38645939928
2002.57330015245	2234.38967254673	3688.72902398717
2002.66410144179	2355.90652556688	3774.16103851848
2002.75490273113	2439.27179138362	3774.16103851848
2002.84570402047	2556.0907940989	3882.49006156737
2002.93650530981	2965.23654173292	4028.74926272786
2003.02730659915	3015.41207378255	4012.83679349844
2003.11810788849	3063.57428344045	4032.54301143567
2003.20890917783	3159.64534375053	4069.10204528616
2003.29971046717	3238.55154730542	4082.85194927916
2003.39051175651	3289.04080409144	4119.97230735588
2003.48131304584	3339.99384609983	4119.97230735588
2003.57211433518	3349.51089983989	4101.36187139168
2003.66291562452	3354.61942493382	4082.85194927916
2003.75371691386	3368.53747674266	4119.97230735588
2003.8445182032	3378.04696857437	4119.97230735588
2003.93531949254	3387.55390859329	4119.97230735588
2004.02612078188	3464.24267309823	4119.97230735588
2004.11692207122	3464.24267309823	4119.97230735588
2004.20772336056	3464.24267309823	4119.97230735588
2004.2985246499	3464.24267309823	4119.97230735588
2004.38932593924	3464.24267309823	4119.97230735588
2004.48012722857	3464.24267309823	4119.97230735588
2004.57092851791	3464.24267309823	4119.97230735588
2004.66172980725	3464.24267309823	4119.97230735588
2004.75253109659	3464.24267309823	4119.97230735588
2004.84333238593	3464.24267309823	4119.97230735588
2004.93413367527	3464.24267309823	4119.97230735588
2005.02493496461	3464.24267309823	4119.97230735588
2005.11573625395	3464.24267309823	4119.97230735588
2005.20653754329	3464.24267309823	4119.97230735588
2005.29733883262	3464.24267309823	4119.97230735588
2005.38814012196	3464.24267309823	4119.97230735588
2005.4789414113	3464.24267309823	4119.97230735588
2005.56974270064	3464.24267309823	4119.97230735588
2005.66054398998	3464.24267309823	4119.97230735588
2005.75134527932	3464.24267309823	4119.97230735588
2005.84214656866	3464.24267309823	4119.97230735588
2005.932947858	3464.24267309823	4119.97230735588
2006.02374914734	3464.24267309823	4119.97230735588
2006.11455043668	3464.24267309823	4119.97230735588
2006.20535172601	3464.24267309823	4119.97230735588
2006.29615301535	3464.24267309823	4119.97230735588
2006.38695430469	3464.24267309823	4119.97230735588
2006.47775559403	3464.24267309823	4119.97230735588
2006.56855688337	3464.24267309823	4119.97230735588
2006.65935817271	3464.24267309823	4119.97230735588
2006.75015946205	3464.24267309823	4119.97230735588
2006.84096075139	3464.24267309823	4119.97230735588
2006.93176204073	3464.24267309823	4119.97230735588
2007.02256333007	3464.24267309823	4119.97230735588
2007.1133646194	3464.24267309823	4119.97230735588
2007.20416590874	3464.24267309823	4119.97230735588
2007.29496719808	3464.24267309823	4119.97230735588
2007.38576848742	3464.24267309823	4119.97230735588
2007.47656977676	3464.24267309823	4119.97230735588
2007.5673710661	3464.24267309823	4119.97230735588
2007.65817235544	3464.24267309823	4119.97230735588
2007.74897364478	3464.24267309823	4119.97230735588
2007.83977493412	3464.24267309823	4119.97230735588
2007.93057622346	3464.24267309823	4119.97230735588
2008.0213775128	3464.24267309823	4119.97230735588
2008.11217880213	3464.24267309823	4119.97230735588
2008.20298009147	3464.24267309823	4119.97230735588
2008.29378138081	3464.24267309823	4119.97230735588
2008.38458267015	3464.24267309823	4119.97230735588
2008.47538395949	3464.24267309823	4119.97230735588
2008.56618524883	3464.24267309823	4119.97230735588
2008.65698653817	3464.24267309823	4119.97230735588
2008.74778782751	3464.24267309823	4119.97230735588
2008.83858911685	3464.24267309823	4119.97230735588
2008.92939040619	3464.24267309823	4119.97230735588
2009.02019169552	3464.24267309823	4119.97230735588
2009.11099298486	3464.24267309823	4119.97230735588
2009.2017942742	3464.24267309823	4119.97230735588
2009.29259556354	3464.24267309823	4119.97230735588
2009.38339685288	3464.24267309823	4119.97230735588
2009.47419814222	3464.24267309823	4119.97230735588
2009.56499943156	3464.24267309823	4119.97230735588
2009.6558007209	3464.24267309823	4119.97230735588
2009.74660201024	3464.24267309823	4119.97230735588
2009.83740329958	3464.24267309823	4119.97230735588
2009.92820458891	3464.24267309823	4119.97230735588
2010.01900587825	3464.24267309823	4119.97230735588
2010.10980716759	3464.24267309823	4119.97230735588
2010.20060845693	3464.24267309823	4119.97230735588
2010.29140974627	3464.24267309823	4119.97230735588
2010.38221103561	3464.24267309823	4119.97230735588
2010.47301232495	3464.24267309823	4119.97230735588
2010.56381361429	3464.24267309823	4119.97230735588
2010.65461490363	3464.24267309823	4119.97230735588
2010.74541619296	3464.24267309823	4119.97230735588
2010.8362174823	3464.24267309823	4119.97230735588
2010.92701877164	3464.24267309823	4119.97230735588
2011.01782006098	3464.24267309823	4119.97230735588
2011.10862135032	3464.24267309823	4119.97230735588
2011.19942263966	3464.24267309823	4119.97230735588
2011.290223929	3464.24267309823	4119.97230735588
2011.38102521834	3464.24267309823	4119.97230735588
2011.47182650768	3464.24267309823	4119.97230735588
2011.56262779702	3464.24267309823	4119.97230735588
2011.65342908636	3464.24267309823	4119.97230735588
2011.74423037569	3464.24267309823	4119.97230735588
2011.83503166503	3464.24267309823	4119.97230735588
2011.92583295437	3464.24267309823	4119.97230735588
2012.01663424371	3464.24267309823	4119.97230735588
2012.10743553305	3464.24267309823	4119.97230735588
2012.19823682239	3464.24267309823	4119.97230735588
2012.28903811173	3464.24267309823	4119.97230735588
2012.37983940107	3464.24267309823	4119.97230735588
2012.47064069041	3464.24267309823	4119.97230735588
2012.56144197975	3464.24267309823	4119.97230735588
2012.65224326908	3464.24267309823	4119.97230735588
2012.74304455842	3464.24267309823	4119.97230735588
2012.83384584776	3464.24267309823	4119.97230735588
2012.9246471371	3464.24267309823	4119.97230735588
2013.01544842644	3464.24267309823	4119.97230735588
2013.10624971578	3464.24267309823	4119.97230735588
2013.19705100512	3464.24267309823	4119.97230735588
2013.28785229446	3464.24267309823	4119.97230735588
2013.3786535838	3464.24267309823	4119.97230735588
2013.46945487313	3464.24267309823	4119.97230735588
2013.56025616247	3464.24267309823	4119.97230735588
2013.65105745181	3464.24267309823	4119.97230735588
2013.74185874115	3464.24267309823	4119.97230735588
2013.83266003049	3464.24267309823	4119.97230735588
2013.92346131983	3464.24267309823	4119.97230735588
2014.01426260917	3464.24267309823	4119.97230735588
2014.10506389851	3464.24267309823	4119.97230735588
2014.19586518785	3464.24267309823	4119.97230735588
2014.28666647719	3464.24267309823	4119.97230735588
2014.37746776653	3464.24267309823	4119.97230735588
2014.46826905586	3464.24267309823	4119.97230735588
2014.5590703452	3464.24267309823	4119.97230735588
2014.64987163454	3464.24267309823	4119.97230735588
2014.74067292388	3464.24267309823	4119.97230735588
2014.83147421322	3464.24267309823	4119.97230735588
2014.92227550256	3464.24267309823	4119.97230735588
2015.0130767919	3464.24267309823	4119.97230735588
2015.10387808124	3464.24267309823	4119.97230735588
2015.19467937058	3464.24267309823	4119.97230735588
2015.28548065992	3464.24267309823	4119.97230735588
2015.37628194925	3464.24267309823	4119.97230735588
2015.46708323859	3464.24267309823	4119.97230735588
2015.55788452793	3464.24267309823	4119.97230735588
2015.64868581727	3464.24267309823	4119.97230735588
2015.73948710661	3464.24267309823	4119.97230735588
2015.83028839595	3464.24267309823	4119.97230735588
2015.92108968529	3464.24267309823	4119.97230735588
2016.01189097463	3464.24267309823	4119.97230735588
2016.10269226397	3464.24267309823	4119.97230735588
2016.1934935533	3464.24267309823	4119.97230735588
2016.28429484264	3464.24267309823	4119.97230735588
2016.37509613198	3464.24267309823	4119.97230735588
2016.46589742132	3464.24267309823	4119.97230735588
2016.55669871066	3464.24267309823	4119.97230735588
2016.6475	3464.24267309823	4119.97230735588
