time	distance
1997.45684913145	0
1997.55280238579	0.801600059439469
1997.64875564014	1.99840959457424
1997.74470889448	4.34288069421178
1997.84066214882	9.07027787439339
1997.93661540316	12.034848381431
1998.03256865751	17.7755733268669
1998.12852191185	25.1167552979743
1998.22447516619	38.021204026996
1998.32042842053	59.9466399340137
1998.41638167488	85.3225701445338
1998.51233492922	121.114168928266
1998.60828818356	149.193493805136
1998.70424143791	180.413221508755
1998.80019469225	209.004115848401
1998.89614794659	239.128032113284
1998.99210120093	274.574485878829
1999.08805445528	318.577402730205
1999.18400770962	379.941599155167
1999.27996096396	440.056082089902
1999.3759142183	497.171869843558
1999.47186747265	551.522903340771
1999.56782072699	607.146422772062
1999.66377398133	661.281185437966
1999.75972723568	716.508885669403
1999.85568049002	780.220648681474
1999.95163374436	848.259342199235
2000.0475869987	909.299720377253
2000.14354025305	997.572095650359
2000.23949350739	1115.54676557531
2000.33544676173	1285.09211500563
2000.43140001608	1477.16482781322
2000.52735327042	1695.29199094425
2000.62330652476	1947.36274524503
2000.7192597791	2203.49077294221
2000.81521303345	2486.7874116141
2000.91116628779	2810.73908049158
2001.00711954213	2926.66866215095
2001.10307279647	3066.89470508241
2001.19902605082	3151.33530690814
2001.29497930516	3189.57757987513
2001.3909325595	3239.35473999299
2001.48688581385	3341.59908172588
2001.58283906819	3483.99451514831
2001.67879232253	3694.60618362738
2001.77474557687	3704.43914499884
2001.87069883122	3715.4996975852
2001.96665208556	3727.93127779431
2002.0626053399	3745.82208066689
2002.15855859424	3755.90117099258
2002.25451184859	3765.95542748784
2002.35046510293	3776.01591936303
2002.44641835727	3787.8385337924
2002.54237161162	3801.01481132968
2002.63832486596	3816.39572357965
2002.7342781203	3835.94904193008
2002.83023137464	3857.92846317117
2002.92618462899	3883.06084715725
2003.02213788333	3885.24547752149
2003.11809113767	3887.23516005209
2003.21404439202	3891.07161799096
2003.30999764636	3896.44304732204
2003.4059509007	3906.02125810712
2003.50190415504	3919.53727747614
2003.59785740939	3934.81302394087
2003.69381066373	3951.66832931346
2003.78976391807	3968.89160168218
2003.88571717241	3985.87642569166
2003.98167042676	4010.63615048038
2004.0776236811	4012.66136837467
2004.17357693544	4016.42676036361
2004.26953018979	4065.51464026138
2004.36548344413	4065.51464026138
2004.46143669847	4065.51464026138
2004.55738995281	4065.51464026138
2004.65334320716	4065.51464026138
2004.7492964615	4065.51464026138
2004.84524971584	4065.51464026138
2004.94120297018	4065.51464026138
2005.03715622453	4065.51464026138
2005.13310947887	4065.51464026138
2005.22906273321	4065.51464026138
2005.32501598756	4065.51464026138
2005.4209692419	4065.51464026138
2005.51692249624	4065.51464026138
2005.61287575058	4065.51464026138
2005.70882900493	4065.51464026138
2005.80478225927	4065.51464026138
2005.90073551361	4065.51464026138
2005.99668876795	4065.51464026138
2006.0926420223	4065.51464026138
2006.18859527664	4065.51464026138
2006.28454853098	4065.51464026138
2006.38050178533	4065.51464026138
2006.47645503967	4065.51464026138
2006.57240829401	4065.51464026138
2006.66836154835	4065.51464026138
2006.7643148027	4065.51464026138
2006.86026805704	4065.51464026138
2006.95622131138	4065.51464026138
2007.05217456573	4065.51464026138
2007.14812782007	4065.51464026138
2007.24408107441	4065.51464026138
2007.34003432875	4065.51464026138
2007.4359875831	4065.51464026138
2007.53194083744	4065.51464026138
2007.62789409178	4065.51464026138
2007.72384734612	4065.51464026138
2007.81980060047	4065.51464026138
2007.91575385481	4065.51464026138
2008.01170710915	4065.51464026138
2008.1076603635	4065.51464026138
2008.20361361784	4065.51464026138
2008.29956687218	4065.51464026138
2008.39552012652	4065.51464026138
2008.49147338087	4065.51464026138
2008.58742663521	4065.51464026138
2008.68337988955	4065.51464026138
2008.77933314389	4065.51464026138
2008.87528639824	4065.51464026138
2008.97123965258	4065.51464026138
2009.06719290692	4065.51464026138
2009.16314616127	4065.51464026138
2009.25909941561	4065.51464026138
2009.35505266995	4065.51464026138
2009.45100592429	4065.51464026138
2009.54695917864	4065.51464026138
2009.64291243298	4065.51464026138
2009.73886568732	4065.51464026138
2009.83481894166	4065.51464026138
2009.93077219601	4065.51464026138
2010.02672545035	4065.51464026138
2010.12267870469	4065.51464026138
2010.21863195904	4065.51464026138
2010.31458521338	4065.51464026138
2010.41053846772	4065.51464026138
2010.50649172206	4065.51464026138
2010.60244497641	4065.51464026138
2010.69839823075	4065.51464026138
2010.79435148509	4065.51464026138
2010.89030473944	4065.51464026138
2010.98625799378	4065.51464026138
2011.08221124812	4065.51464026138
2011.17816450246	4065.51464026138
2011.27411775681	4065.51464026138
2011.37007101115	4065.51464026138
2011.46602426549	4065.51464026138
2011.56197751983	4065.51464026138
2011.65793077418	4065.51464026138
2011.75388402852	4065.51464026138
2011.84983728286	4065.51464026138
2011.94579053721	4065.51464026138
2012.04174379155	4065.51464026138
2012.13769704589	4065.51464026138
2012.23365030023	4065.51464026138
2012.32960355458	4065.51464026138
2012.42555680892	4065.51464026138
2012.52151006326	4065.51464026138
2012.6174633176	4065.51464026138
2012.71341657195	4065.51464026138
2012.80936982629	4065.51464026138
2012.90532308063	4065.51464026138
2013.00127633498	4065.51464026138
2013.09722958932	4065.51464026138
2013.19318284366	4065.51464026138
2013.289136098	4065.51464026138
2013.38508935235	4065.51464026138
2013.48104260669	4065.51464026138
2013.57699586103	4065.51464026138
2013.67294911537	4065.51464026138
2013.76890236972	4065.51464026138
2013.86485562406	4065.51464026138
2013.9608088784	4065.51464026138
2014.05676213275	4065.51464026138
2014.15271538709	4065.51464026138
2014.24866864143	4065.51464026138
2014.34462189577	4065.51464026138
2014.44057515012	4065.51464026138
2014.53652840446	4065.51464026138
2014.6324816588	4065.51464026138
2014.72843491315	4065.51464026138
2014.82438816749	4065.51464026138
2014.92034142183	4065.51464026138
2015.01629467617	4065.51464026138
2015.11224793052	4065.51464026138
2015.20820118486	4065.51464026138
2015.3041544392	4065.51464026138
2015.40010769354	4065.51464026138
2015.49606094789	4065.51464026138
2015.59201420223	4065.51464026138
2015.68796745657	4065.51464026138
2015.78392071092	4065.51464026138
2015.87987396526	4065.51464026138
2015.9758272196	4065.51464026138
2016.07178047394	4065.51464026138
2016.16773372829	4065.51464026138
2016.26368698263	4065.51464026138
2016.35964023697	4065.51464026138
2016.45559349131	4065.51464026138
2016.55154674566	4065.51464026138
2016.6475	4065.51464026138
