time	95%HPD_lower_value	95%HPD_higher_value
1999.30235297019	36.1798297723513	1251.92623821804
1999.38929606307	36.1923001891506	1246.86739822682
1999.47623915595	54.3242537731425	1164.90267036658
1999.56318224883	65.7019295390209	1161.22392591672
1999.65012534172	73.5025441593336	1622.5764263798
1999.7370684346	80.8387833159375	887.78858797171
1999.82401152748	84.0279196121212	799.361851520898
1999.91095462036	67.3856342143089	800.748727155158
1999.99789771324	63.4773048420813	697.214390145888
2000.08484080612	60.6699311326606	544.054012069582
2000.171783899	52.828842469546	403.129794130737
2000.25872699188	56.9064965263621	340.0005191434
2000.34567008477	55.5838961866343	314.844951654508
2000.43261317765	54.1811100112015	301.425026359491
2000.51955627053	36.9008893283633	300.108500404448
2000.60649936341	41.5134006302394	283.113783097105
2000.69344245629	49.7291716024178	284.964592429012
2000.78038554917	23.725180186164	272.721023193613
2000.86732864205	6.41871969854255	284.525140279895
2000.95427173493	6.4186294257998	309.495221981642
2001.04121482782	15.5612492714894	347.675818969563
2001.1281579207	15.560801925001	330.724681278963
2001.21510101358	31.7727794308118	299.624769913752
2001.30204410646	32.7433063600725	326.908590340433
2001.38898719934	33.8774006816705	371.606124064819
2001.47593029222	54.2651127915826	402.962123107112
2001.5628733851	68.7232327027121	415.322640927486
2001.64981647798	70.4997902159768	487.477324142043
2001.73675957087	83.9836888679036	510.773010924098
2001.82370266375	146.83560275933	559.189993859337
2001.91064575663	205.841457348801	609.401237380645
2001.99758884951	152.574076401324	602.013494758121
2002.08453194239	235.812458676742	699.48163164623
2002.17147503527	265.555745415528	721.738159252236
2002.25841812815	299.07114479791	718.678407193994
2002.34536122103	352.897978215548	689.490238834558
2002.43230431392	363.939131838281	666.444932202918
2002.5192474068	351.180014055199	628.176687498852
2002.60619049968	329.729609740997	554.449081042293
2002.69313359256	313.892378209245	509.529660285412
2002.78007668544	312.301536170658	473.637829731592
2002.86701977832	294.982546716413	453.723870318767
2002.9539628712	279.319917587331	441.061080648051
2003.04090596408	273.439656488065	428.263713003573
2003.12784905697	245.056472202877	401.336682156103
2003.21479214985	277.86974692464	414.319028768409
2003.30173524273	260.29512758979	496.208234107928
2003.38867833561	276.531981946448	492.010362069621
2003.47562142849	293.315427344592	581.374845910525
2003.56256452137	320.720996332752	594.146413582974
2003.64950761425	362.5297544676	625.394498875998
2003.73645070713	344.783060486861	593.874099708454
2003.82339380002	331.025317337474	607.1735157017
2003.9103368929	297.189889700413	595.98567437133
2003.99727998578	262.520879927986	580.546603191732
2004.08422307866	190.025627019659	450.161903478923
2004.17116617154	223.903542789753	474.713960140539
2004.25810926442	198.726237793625	444.845864746822
2004.3450523573	201.319393966542	397.014583619005
2004.43199545018	188.848747778238	380.137166433751
2004.51893854307	225.274096941477	500.33197963837
2004.60588163595	227.912118406242	484.910137400443
2004.69282472883	218.690192470995	448.461869209465
2004.77976782171	204.959290927412	432.550897952774
2004.86671091459	189.628151844728	417.686268377515
2004.95365400747	184.254172953387	403.92108135931
2005.04059710035	183.09317315754	357.317000257797
2005.12754019323	131.736231143639	276.288918363835
2005.21448328612	125.467891192946	280.91753096498
2005.301426379	128.357482068846	285.204098659904
2005.38836947188	118.637796252208	280.081969928971
2005.47531256476	124.100256043671	266.098535992715
2005.56225565764	128.507820624598	287.973910187211
2005.64919875052	126.067692162559	276.258672897772
2005.7361418434	122.937612278784	267.50668418246
2005.82308493628	127.299825402673	298.594228464925
2005.91002802917	111.798278649245	297.178860736221
2005.99697112205	114.344658403814	345.143385362878
2006.08391421493	88.0533825311669	227.804806765974
2006.17085730781	80.6598031896692	214.65821088393
2006.25780040069	79.8637952731924	228.323960298143
2006.34474349357	80.637326387287	239.269832351759
2006.43168658645	76.0100054248896	233.197328020703
2006.51862967933	79.9028490603595	235.952335079377
2006.60557277222	84.1279039447231	231.235488765673
2006.6925158651	87.4001025852497	229.811706544576
2006.77945895798	103.165357731607	224.47426473704
2006.86640205086	101.38816390088	249.44632175647
2006.95334514374	89.7698537008191	260.138692531751
2007.04028823662	99.799968955734	296.477644559641
2007.1272313295	80.1468439973321	257.67615249887
2007.21417442238	71.3395539151864	230.874046573082
2007.30111751527	70.6367246573198	238.220482043657
2007.38806060815	69.8978110136437	245.943463693709
2007.47500370103	64.668087821012	253.408464872388
2007.56194679391	51.8140728357578	220.662059523871
2007.64888988679	53.152531098066	332.544892376187
2007.73583297967	54.7556483477283	339.250372293225
2007.82277607255	56.7093671485026	272.634004526069
2007.90971916543	55.5608033088603	278.772056296503
2007.99666225832	52.4781141597533	285.806860674621
2008.0836053512	49.3049233296491	302.71833270747
2008.17054844408	22.7997239833151	158.504684093071
2008.25749153696	12.9042121357888	146.001497020044
2008.34443462984	16.7097161705731	178.527637692601
2008.43137772272	12.8915250792964	143.253146933584
2008.5183208156	32.0362527483021	186.423101937869
2008.60526390848	30.792698435758	190.575016346935
2008.69220700137	15.982690934099	205.347779866843
2008.77915009425	40.7692069300443	242.700509363305
2008.86609318713	61.0022335564355	238.190144477829
2008.95303628001	70.2664483439406	253.851625660461
2009.03997937289	56.0832037221745	214.213310723474
2009.12692246577	76.3963351644833	237.745759686312
2009.21386555865	79.2386904982062	240.522152669159
2009.30080865153	71.3823521466282	257.241328519353
2009.38775174442	70.6445215769732	277.798605297854
2009.4746948373	95.8026505445201	276.09522827958
2009.56163793018	88.6147862221939	298.814397932353
2009.64858102306	79.8600823778499	303.4250276703
2009.73552411594	111.961503629297	405.977272133683
2009.82246720882	111.32738165541	429.675993947374
2009.9094103017	57.4951822071585	413.67476507622
2009.99635339458	62.1892780551598	384.528528721325
2010.08329648747	31.8949327191823	359.81066097525
2010.17023958035	31.5069822221132	343.745004616629
2010.25718267323	31.442337424658	371.865822734045
2010.34412576611	18.4881382757145	380.004999595575
2010.43106885899	12.6141228392423	408.532048214472
2010.51801195187	137.85891064125	408.389480045546
2010.60495504475	136.183057629884	429.807990820076
2010.69189813763	129.87289049045	447.361861582589
2010.77884123052	115.1775564378	454.765689062104
2010.8657843234	117.792087043886	481.926034612365
2010.95272741628	117.81493844009	508.411528794422
2011.03967050916	110.505045562267	529.877089167402
2011.12661360204	150.483101508936	355.327054949739
2011.21355669492	142.242090569961	360.992058538139
2011.3004997878	140.511081187833	371.241136753845
2011.38744288068	139.822000873154	376.087198322368
2011.47438597357	145.543844732272	381.977625966002
2011.56132906645	143.474767042318	355.495446168775
2011.64827215933	145.482066496923	335.487173364837
2011.73521525221	152.772939424139	339.815287298798
2011.82215834509	148.058395885083	342.989203572158
2011.90910143797	145.33315621233	339.319177759413
2011.99604453085	125.415457268016	322.516907204298
2012.08298762373	112.374414177063	346.022291813014
2012.16993071662	76.1050639077933	225.787441047782
2012.2568738095	57.9214202419755	251.831367273367
2012.34381690238	48.0259730460552	259.223999022492
2012.43075999526	41.0172659957097	238.062341923497
2012.51770308814	48.5831319870845	249.977158593276
2012.60464618102	40.9108815876852	251.048577669979
2012.6915892739	65.9185273786708	256.844545158206
2012.77853236678	47.459563152442	234.786639916976
2012.86547545967	62.2974708104165	242.732337357995
2012.95241855255	65.1872166435328	271.893871252728
2013.03936164543	145.969336208188	372.059314475798
2013.12630473831	145.108297521468	384.736724498376
2013.21324783119	139.325787804554	319.611989117757
2013.30019092407	126.870381274503	320.848547528415
2013.38713401695	110.506534333898	309.889137363535
2013.47407710983	108.74735434649	310.554452608985
2013.56102020272	123.39403237231	329.396951891508
2013.6479632956	98.7452519152536	296.754991610572
2013.73490638848	96.7647224702514	284.642358926939
2013.82184948136	93.5868589395371	274.673941960677
2013.90879257424	82.2566999253054	255.867463689362
2013.99573566712	38.4264149354758	134.091753821814
2014.08267876	80.9854557465223	176.42207997163
2014.16962185288	80.9330895327991	177.077427104258
2014.25656494577	80.3106415637252	177.978033647019
2014.34350803865	80.2330204423438	178.743036449402
2014.43045113153	80.1264776692858	179.711427156458
2014.51739422441	76.1333823723708	176.980168561738
2014.60433731729	76.5509025688186	178.61572024311
2014.69128041017	77.1820042861662	181.080556298463
2014.77822350305	84.9138490605987	191.599074452623
2014.86516659593	86.3135016490241	199.721500252639
2014.95210968882	88.6327405736548	230.225021820147
2015.0390527817	9.42340458043491	222.26083900277
2015.12599587458	37.3567791261243	193.890499154215
2015.21293896746	34.4259033561407	141.033270103201
2015.29988206034	34.2841473869847	140.156974520825
2015.38682515322	34.1074553583143	139.076964775313
2015.4737682461	33.8811046213031	137.707442136553
2015.56071133898	33.5807480168599	135.906519527777
2015.64765443187	33.163012763435	133.421435062929
2015.73459752475	32.5424044615156	129.753956514314
2015.82154061763	30.8273506061102	123.766849829214
2015.90848371051	26.8387777374672	112.175956151785
2015.99542680339	17.9896608003363	149.681470653945
2016.08236989627	13.4326618888424	153.522790790787
2016.16931298915	14.2948467098819	101.909193398717
2016.25625608203	13.5415239095433	102.141963801142
2016.34319917492	13.4598949502631	101.445586708668
2016.4301422678	13.355057567714	102.149452847308
2016.51708536068	14.4189798272605	103.981895686559
2016.60402845356	13.020647723526	100.384309440628
