time	95%HPD_lower_value	95%HPD_higher_value
1997.32098142353	NA	NA
1997.41761401641	0	0
1997.51424660929	0	0
1997.61087920218	0	0.803355587540393
1997.70751179506	0	24.2820437414513
1997.80414438794	0	47.7340162624619
1997.90077698082	0	71.1591614171219
1997.99740957371	0	94.5573671485628
1998.09404216659	0	141.259020015984
1998.19067475947	0	205.956187035242
1998.28730735235	0	345.58512352752
1998.38393994524	0	390.138664980291
1998.48057253812	0	429.8329655832
1998.577205131	0	495.18403854174
1998.67383772388	0	549.226426735082
1998.77047031677	0	601.63473330488
1998.86710290965	79.4191557900866	646.669352451757
1998.96373550253	103.584509184702	690.302258609029
1999.06036809541	134.37515630917	795.400185396465
1999.15700068829	168.616709113186	837.474729758487
1999.25363328118	193.712566651191	879.06844877725
1999.35026587406	226.802314926562	976.008874294798
1999.44689846694	269.446547071069	1115.78202954433
1999.54353105982	249.818630814545	1171.56895733736
1999.64016365271	340.773630217429	1363.21894019499
1999.73679624559	291.479950304889	1446.24137093868
1999.83342883847	304.064547647118	1504.37298109793
1999.93006143135	304.370938364957	1583.08689819026
2000.02669402424	404.027686248143	1803.75819436478
2000.12332661712	465.128446079662	2011.60793608473
2000.21995921	493.012355412284	2211.69554889291
2000.31659180288	641.199721384455	2526.10932779552
2000.41322439577	843.083913044435	2801.70873242612
2000.50985698865	981.979151791382	3076.11092190378
2000.60648958153	1135.75799119958	3356.17874774107
2000.70312217441	1437.1979669797	3605.6296526946
2000.79975476729	1632.6706093918	3911.65759363328
2000.89638736018	2018.14286482884	4268.04912182593
2000.99301995306	3228.00334056892	4624.62745576278
2001.08965254594	3958.30827381502	4902.35943874442
2001.18628513882	3958.30827381502	4902.35943874442
2001.28291773171	3958.30827381502	4902.35943874442
2001.37955032459	3958.30827381502	4902.35943874442
2001.47618291747	3982.13770679224	5088.83688539607
2001.57281551035	3958.30827381502	5069.43644570154
2001.66944810324	3958.30827381502	5155.03694989328
2001.76608069612	3982.13770679224	5446.39089308035
2001.862713289	3982.13770679224	5446.39089308035
2001.95934588188	4125.24492894339	5775.62616777431
2002.05597847477	4125.24492894339	5806.14804206669
2002.15261106765	4125.24492894339	5824.62311753413
2002.24924366053	4125.24492894339	6053.89250368332
2002.34587625341	4125.24492894339	6053.89250368332
2002.44250884629	4125.24492894339	6053.89250368332
2002.53914143918	4125.24492894339	6053.89250368332
2002.63577403206	4125.24492894339	6053.89250368332
2002.73240662494	4238.41676877665	6135.10000007271
2002.82903921782	4313.39524065256	6159.67021705824
2002.92567181071	4335.750054506	6429.33857545056
2003.02230440359	4222.00263570005	6467.86456284872
2003.11893699647	4313.39524065256	6619.26041623559
2003.21556958935	4313.39524065256	6689.81716651903
2003.31220218224	4313.39524065256	6689.81716651903
2003.40883477512	4335.750054506	6689.81716651903
2003.505467368	4335.750054506	6689.81716651903
2003.60209996088	4335.750054506	6846.37217151054
2003.69873255377	4335.750054506	6846.37217151054
2003.79536514665	4335.750054506	6846.37217151054
2003.89199773953	4335.750054506	6846.37217151054
2003.98863033241	4335.750054506	6846.37217151054
2004.08526292529	4340.82257993784	6846.37217151054
2004.18189551818	4383.62179391486	6868.50775828004
2004.27852811106	4426.30365504925	6868.50775828004
2004.37516070394	4465.56976222087	6868.50775828004
2004.47179329682	4462.58392406795	6846.37217151054
2004.56842588971	4553.63605372498	6868.50775828004
2004.66505848259	4595.83941240543	6936.16053822207
2004.76169107547	4556.68605860283	6947.5853932006
2004.85832366835	4611.84561034123	7017.36562587356
2004.95495626124	4611.84561034123	7086.84382747566
2005.05158885412	4642.76535352944	7156.01617356431
2005.148221447	4686.8738115291	7224.87880369871
2005.24485403988	4686.8738115291	7293.42782140494
2005.34148663277	4811.83225363335	7382.16210213814
2005.43811922565	4831.59499491375	7382.16210213814
2005.53475181853	4908.21707039743	7382.16210213814
2005.63138441141	4984.50061753122	7382.16210213814
2005.72801700429	4984.50061753122	7382.16210213814
2005.82464959718	5001.62854085348	7404.06797697648
2005.92128219006	5001.62854085348	7404.06797697648
2006.01791478294	5001.62854085348	7404.06797697648
2006.11454737582	5001.62854085348	7404.06797697648
2006.21117996871	5001.62854085348	7404.06797697648
2006.30781256159	5001.62854085348	7404.06797697648
2006.40444515447	5001.62854085348	7404.06797697648
2006.50107774735	5001.62854085348	7404.06797697648
2006.59771034024	5001.62854085348	7404.06797697648
2006.69434293312	5001.62854085348	7404.06797697648
2006.790975526	5001.62854085348	7404.06797697648
2006.88760811888	5001.62854085348	7404.06797697648
2006.98424071176	5001.62854085348	7404.06797697648
2007.08087330465	5001.62854085348	7404.06797697648
2007.17750589753	5001.62854085348	7404.06797697648
2007.27413849041	5001.62854085348	7404.06797697648
2007.37077108329	5001.62854085348	7404.06797697648
2007.46740367618	5001.62854085348	7404.06797697648
2007.56403626906	5001.62854085348	7404.06797697648
2007.66066886194	5001.62854085348	7404.06797697648
2007.75730145482	5001.62854085348	7404.06797697648
2007.85393404771	5001.62854085348	7404.06797697648
2007.95056664059	5001.62854085348	7404.06797697648
2008.04719923347	5001.62854085348	7404.06797697648
2008.14383182635	5001.62854085348	7404.06797697648
2008.24046441924	5001.62854085348	7404.06797697648
2008.33709701212	5001.62854085348	7433.56378655952
2008.433729605	5125.6765301896	7634.3251046325
2008.53036219788	5125.6765301896	7686.92001603592
2008.62699479076	5235.81400861356	7836.46475206158
2008.72362738365	5235.81400861356	7905.02569619575
2008.82025997653	5125.6765301896	7813.65245858818
2008.91689256941	5125.6765301896	7813.65245858818
2009.01352516229	5125.6765301896	7813.65245858818
2009.11015775518	5125.6765301896	7813.65245858818
2009.20679034806	5125.6765301896	7813.65245858818
2009.30342294094	5125.6765301896	7813.65245858818
2009.40005553382	5125.6765301896	7836.46475206158
2009.49668812671	5211.22201179328	8055.09030004225
2009.59332071959	5241.4828063316	8259.94672425977
2009.68995331247	5464.94520490362	8587.35262882281
2009.78658590535	5464.94520490362	8587.35262882281
2009.88321849824	5448.6155803694	8480.5014248188
2009.97985109112	5464.94520490362	8480.5014248188
2010.076483684	5464.94520490362	8480.5014248188
2010.17311627688	5464.94520490362	8480.5014248188
2010.26974886976	5464.94520490362	8480.5014248188
2010.36638146265	5464.94520490362	8480.5014248188
2010.46301405553	5464.94520490362	8480.5014248188
2010.55964664841	5464.94520490362	8480.5014248188
2010.65627924129	5464.94520490362	8480.5014248188
2010.75291183418	5464.94520490362	8480.5014248188
2010.84954442706	5464.94520490362	8480.5014248188
2010.94617701994	5464.94520490362	8480.5014248188
2011.04280961282	5464.94520490362	8480.5014248188
2011.13944220571	5464.94520490362	8480.5014248188
2011.23607479859	5464.94520490362	8458.56885226101
2011.33270739147	5464.94520490362	8458.56885226101
2011.42933998435	5464.94520490362	8458.56885226101
2011.52597257724	5464.94520490362	8458.56885226101
2011.62260517012	5464.94520490362	8458.56885226101
2011.719237763	5464.94520490362	8458.56885226101
2011.81587035588	5464.94520490362	8458.56885226101
2011.91250294876	5464.94520490362	8458.56885226101
2012.00913554165	5464.94520490362	8458.56885226101
2012.10576813453	5464.94520490362	8458.56885226101
2012.20240072741	5464.94520490362	8467.63588208899
2012.29903332029	5464.94520490362	8480.5014248188
2012.39566591318	5464.94520490362	8480.5014248188
2012.49229850606	5522.15897623516	8480.5014248188
2012.58893109894	5522.15897623516	8480.5014248188
2012.68556369182	5560.27799692269	8480.5014248188
2012.78219628471	5560.27799692269	8480.5014248188
2012.87882887759	5560.27799692269	8480.5014248188
2012.97546147047	5560.27799692269	8480.5014248188
2013.07209406335	5560.27799692269	8480.5014248188
2013.16872665624	5560.27799692269	8480.5014248188
2013.26535924912	5560.27799692269	8480.5014248188
2013.361991842	5560.27799692269	8480.5014248188
2013.45862443488	5560.27799692269	8480.5014248188
2013.55525702776	5560.27799692269	8480.5014248188
2013.65188962065	5560.27799692269	8480.5014248188
2013.74852221353	5560.27799692269	8480.5014248188
2013.84515480641	5560.27799692269	8480.5014248188
2013.94178739929	5560.27799692269	8480.5014248188
2014.03841999218	5560.27799692269	8480.5014248188
2014.13505258506	5560.27799692269	8480.5014248188
2014.23168517794	5560.27799692269	8480.5014248188
2014.32831777082	5560.27799692269	8480.5014248188
2014.42495036371	5560.27799692269	8480.5014248188
2014.52158295659	5560.27799692269	8480.5014248188
2014.61821554947	5560.27799692269	8480.5014248188
2014.71484814235	5560.27799692269	8480.5014248188
2014.81148073524	5560.27799692269	8480.5014248188
2014.90811332812	5560.27799692269	8480.5014248188
2015.004745921	5560.27799692269	8480.5014248188
2015.10137851388	5560.27799692269	8480.5014248188
2015.19801110676	5560.27799692269	8480.5014248188
2015.29464369965	5560.27799692269	8480.5014248188
2015.39127629253	5560.27799692269	8480.5014248188
2015.48790888541	5560.27799692269	8480.5014248188
2015.58454147829	5560.27799692269	8480.5014248188
2015.68117407118	5560.27799692269	8480.5014248188
2015.77780666406	5560.27799692269	8480.5014248188
2015.87443925694	5560.27799692269	8480.5014248188
2015.97107184982	5560.27799692269	8480.5014248188
2016.06770444271	5560.27799692269	8480.5014248188
2016.16433703559	5560.27799692269	8480.5014248188
2016.26096962847	5560.27799692269	8480.5014248188
2016.35760222135	5560.27799692269	8480.5014248188
2016.45423481424	5560.27799692269	8480.5014248188
2016.55086740712	5560.27799692269	8480.5014248188
2016.6475	5560.27799692269	8480.5014248188
