time	velocity	number_of_branches
1997.54101947156	524.75794851788	1.44
1997.63679130378	735.147415744471	3.34
1997.73256313601	789.746224594768	4.64
1997.82833496823	879.165039690824	8.4
1997.92410680045	968.654316781478	13.78
1998.01987863268	1006.08561650738	19.38
1998.1156504649	927.363924056518	24.68
1998.21142229712	907.408128202894	28.01
1998.30719412934	862.984917294703	30.19
1998.40296596157	854.99848261399	30.49
1998.49873779379	831.824323939843	31.7
1998.59450962601	811.376543658854	32.17
1998.69028145823	758.963106479874	32.16
1998.78605329046	719.392909299141	31.51
1998.88182512268	503.189547612995	28.85
1998.9775969549	424.151636507346	25.34
1999.07336878713	381.278113119516	22.54
1999.16914061935	370.567637563701	21.5
1999.26491245157	349.499474357846	22.52
1999.36068428379	359.191322023517	28.02
1999.45645611602	381.135115377155	32.04
1999.55222794824	431.803453219176	36.01
1999.64799978046	460.665507179422	42.51
1999.74377161268	481.447521231102	49.08
1999.83954344491	506.709126927364	52.99
1999.93531527713	512.829644026538	55.69
2000.03108710935	516.435258699236	59.68
2000.12685894158	552.3706955432	68.55
2000.2226307738	697.532024368384	89.43
2000.31840260602	956.45482851949	177.29
2000.41417443824	977.567494870726	235.9
2000.50994627047	971.057940730679	294.45
2000.60571810269	975.42534898375	385.39
2000.70148993491	915.474183997513	456.36
2000.79726176713	949.826148190338	469.94
2000.89303359936	944.799986248832	473.65
2000.98880543158	941.200540591826	475.45
2001.0845772638	943.28885878141	474.84
2001.18034909603	947.726831050553	470.28
2001.27612092825	992.057449070644	444.48
2001.37189276047	917.606239144084	412.28
2001.46766459269	863.388927685705	403.5
2001.56343642492	844.274366613935	396.41
2001.65920825714	813.337014014159	316.94
2001.75498008936	773.479384899246	289.35
2001.85075192159	781.421543043596	281.7
2001.94652375381	786.913742288274	279.67
2002.04229558603	790.826712403476	277.16
2002.13806741825	780.218204866648	283.26
2002.23383925048	763.640606877272	327.84
2002.3296110827	568.063258443186	400.57
2002.42538291492	559.751390501554	381.95
2002.52115474714	530.678137345814	343.55
2002.61692657937	519.254105540576	321.12
2002.71269841159	517.852816077967	311.37
2002.80847024381	517.993399927473	309.94
2002.90424207604	517.720288559415	307.93
2003.00001390826	516.687392859172	307.41
2003.09578574048	513.991777594213	314.29
2003.1915575727	508.353851404339	308.55
2003.28732940493	364.192611679061	213.91
2003.38310123715	329.380204812723	202.03
2003.47887306937	323.288969058895	212.53
2003.57464490159	275.138867544995	193.66
2003.67041673382	274.493664062955	193.63
2003.76618856604	273.845870047	194.49
2003.86196039826	272.091768101382	196.34
2003.95773223049	267.511328854022	203.6
2004.05350406271	253.861530459714	202.54
2004.14927589493	241.803847719172	172.13
2004.24504772715	249.877471413554	150.63
2004.34081955938	245.87579952298	124.01
2004.4365913916	230.877313208038	110.35
2004.53236322382	222.042410315273	102.98
2004.62813505605	298.523112711106	143.31
2004.72390688827	329.035231529672	167.12
2004.81967872049	341.461905483503	178.43
2004.91545055271	349.482382943607	175.61
2005.01122238494	354.227732837941	171.88
2005.10699421716	413.657100906151	165.99
2005.20276604938	406.323052446225	169.19
2005.2985378816	416.116517925461	166.95
2005.39430971383	414.501204552118	167.99
2005.49008154605	415.359933448953	164.12
2005.58585337827	414.794974267022	145.85
2005.6816252105	374.142749660954	123.09
2005.77739704272	343.707580912471	113.04
2005.87316887494	345.435021412371	113.57
2005.96894070716	347.749435262631	114.3
2006.06471253939	388.812473966899	106.31
2006.16048437161	296.970550000888	108.26
2006.25625620383	307.223799933158	97.14
2006.35202803605	313.835622039225	93.82
2006.44779986828	315.380022020886	92.73
2006.5435717005	320.405412617546	94.13
2006.63934353272	320.897983461496	94.87
2006.73511536495	324.561548371033	94.99
2006.83088719717	328.985801141394	104.51
2006.92665902939	376.774735348539	119.56
2007.02243086161	371.448018423375	132.45
2007.11820269384	377.826694562982	135.25
2007.21397452606	392.941921179406	124.42
2007.30974635828	354.464979888398	141.92
2007.4055181905	355.877786159835	154.94
2007.50129002273	352.059608888206	158.01
2007.59706185495	353.072471470405	160.61
2007.69283368717	364.049513889286	160.09
2007.7886055194	366.768924238979	154.48
2007.88437735162	363.100182231986	141.4
2007.98014918384	342.711188756084	126.58
2008.07592101606	331.332013870931	112.61
2008.17169284829	285.060406792093	95.49
2008.26746468051	287.378900462324	76.88
2008.36323651273	277.517139425523	61.51
2008.45900834496	267.54259132193	52.12
2008.55478017718	320.291429099178	47.84
2008.6505520094	306.572380835615	46.45
2008.74632384162	331.025379201176	52
2008.84209567385	336.715571521688	57.7
2008.93786750607	363.637880327122	64.08
2009.03363933829	383.85770503996	65.35
2009.12941117051	347.66934766321	62.3
2009.22518300274	355.476203109916	72.96
2009.32095483496	381.471481561662	77.81
2009.41672666718	386.705304937455	86.27
2009.51249849941	368.458878587747	90.8
2009.60827033163	370.64332613908	94.72
2009.70404216385	371.819529625825	95.63
2009.79981399607	355.3136002905	95.94
2009.8955858283	350.157232065555	96.09
2009.99135766052	348.192542619642	98.43
2010.08712949274	357.434944989372	103.62
2010.18290132496	377.979599386123	96.28
2010.27867315719	392.870387754886	98.93
2010.37444498941	390.679643563264	100.23
2010.47021682163	380.737680226533	105.04
2010.56598865386	371.00011420667	114.14
2010.66176048608	372.785324491982	127.81
2010.7575323183	360.322072171256	132.01
2010.85330415052	359.212197872946	132.94
2010.94907598275	350.463835894662	130.81
2011.04484781497	326.018259271359	130.19
2011.14061964719	327.34016568447	120.89
2011.23639147941	306.406592116947	113.85
2011.33216331164	290.067467049638	109.38
2011.42793514386	272.356615654477	100.88
2011.52370697608	272.931534730477	85.81
2011.61947880831	240.012486240923	68.59
2011.71525064053	205.841040718043	55.71
2011.81102247275	192.55837958973	49.1
2011.90679430497	183.461070483217	45.32
2012.0025661372	208.793644211231	49.48
2012.09833796942	214.663603585139	57.54
2012.19410980164	207.361429429039	67.47
2012.28988163386	202.983617574652	62.93
2012.38565346609	202.277468469605	60.31
2012.48142529831	200.038520312225	59.23
2012.57719713053	199.650501241102	58.28
2012.67296896276	200.279823129561	57.7
2012.76874079498	200.515212706663	57.48
2012.8645126272	201.242761935455	57.16
2012.96028445942	197.948034780568	54.04
2013.05605629165	121.146832752847	40
2013.15182812387	82.6215554717499	26
2013.24759995609	60.9317983794595	23
2013.34337178832	55.3592455455566	23
2013.43914362054	55.3565209069044	23
2013.53491545276	55.353773809386	23
2013.63068728498	55.3510042190173	23
2013.72645911721	55.3482120995945	23
2013.82223094943	55.3453974167478	23
2013.91800278165	55.3425601395784	23
2014.01377461387	53.6221153742069	25
2014.1095464461	52.4418528380047	16
2014.20531827832	42.7429545996787	10
2014.30109011054	57.4475018920937	6
2014.39686194277	57.4579229881969	6
2014.49263377499	57.4683134180532	6
2014.58840560721	57.4786732228257	6
2014.68417743943	57.4890024438525	6
2014.77994927166	57.4993011206215	6
2014.87572110388	57.5095693017211	6
2014.9714929361	74.1130181156373	5
2015.06726476832	85.5181332721455	4
2015.16303660055	79.4931324392549	5
2015.25880843277	57.2364971623608	4
2015.35458026499	57.2439696861831	4
2015.45035209722	57.2514293237428	4
2015.54612392944	57.258876101885	4
2015.64189576166	57.2663100468284	4
2015.73766759388	57.2737311848281	4
2015.83343942611	57.2811395425387	4
2015.92921125833	57.2885350640686	4
2016.02498309055	49.2778626556517	3
2016.12075492277	43.9528095845821	1
2016.216526755	271.22580632522	1
2016.31229858722	271.312610974033	1
2016.40807041944	271.398901523387	1
2016.50384225167	271.484679413486	1
2016.59961408389	271.569946069959	1
