time	95%HPD_lower_value	95%HPD_higher_value
1998.34315697002	83.4171757760002	628.845909996607
1998.4349080629	82.8528570440422	640.246285271092
1998.52665915579	82.8449567072812	2593.57027036862
1998.61841024867	82.8370368291452	894.802779721402
1998.71016134155	76.6573154434456	1127.99447490835
1998.80191243443	76.6479164934858	1071.00661389803
1998.89366352731	81.1195167290405	985.20670690883
1998.9854146202	69.4872318308764	901.142974922095
1999.07716571308	63.773803771418	684.095345692635
1999.16891680596	60.3783942505141	481.814083387473
1999.26066789884	68.5350006174047	415.626474915695
1999.35241899172	56.528453357165	311.242230536545
1999.44417008461	55.3323243516678	304.101590638026
1999.53592117749	54.4044717185638	276.220438308291
1999.62767227037	54.8194700859543	253.323216694141
1999.71942336325	56.8237780212483	228.5111905938
1999.81117445613	56.2115899727878	226.357057637188
1999.90292554902	51.0386839147066	243.6175031907
1999.9946766419	60.5242150721057	290.782784042132
2000.08642773478	54.5480397430278	441.207253095502
2000.17817882766	17.7368908786024	448.664357006565
2000.26992992055	24.2285501946737	303.605874018379
2000.36168101343	29.5873454385552	343.839938550904
2000.45343210631	32.7898753943648	370.991025668352
2000.54518319919	75.4204072445038	381.738011010629
2000.63693429207	79.060096675665	373.34270511279
2000.72868538496	104.041369734077	389.040218007439
2000.82043647784	101.145392468654	430.586414779887
2000.91218757072	141.571309154493	475.409304960876
2001.0039386636	181.144811558093	504.24908273158
2001.09568975648	110.777701412057	515.152900144151
2001.18744084937	162.69316125508	524.078170479922
2001.27919194225	237.372020423601	614.740783384843
2001.37094303513	276.488816629898	589.557092254048
2001.46269412801	272.257122066732	557.746277534644
2001.55444522089	274.388030378633	533.509006229184
2001.64619631378	298.963470694062	518.063359256623
2001.73794740666	321.983840995799	484.75085353522
2001.82969849954	309.163550595251	448.900236880358
2001.92144959242	305.361405353893	430.22752306773
2002.0132006853	292.893709554908	415.586905442312
2002.10495177819	284.271689563553	413.302355241635
2002.19670287107	279.871138387231	399.481049961757
2002.28845396395	297.546586161179	453.132830836777
2002.38020505683	258.885765396813	476.942316063709
2002.47195614972	281.484928123874	538.048194612599
2002.5637072426	312.594887520762	618.012410205894
2002.65545833548	377.167082413683	645.208321109331
2002.74720942836	394.632406686804	648.647185159942
2002.83896052124	362.917951768604	582.1910108019
2002.93071161413	334.273573691424	530.969469126523
2003.02246270701	295.141716688065	485.414666116555
2003.11421379989	273.850225067621	427.943454191763
2003.20596489277	259.054566757928	365.766028825659
2003.29771598565	236.321408222049	338.57383308795
2003.38946707854	233.054432476006	344.199117787986
2003.48121817142	205.587239173191	305.810875338648
2003.5729692643	210.852436530524	308.735373809598
2003.66472035718	213.228963452456	304.988916025164
2003.75647145006	207.574356437795	305.798510040563
2003.84822254295	187.392888613982	288.650365392214
2003.93997363583	167.285199239102	282.21554515052
2004.03172472871	167.088250047032	282.86381041695
2004.12347582159	180.608531220707	278.257048727397
2004.21522691448	153.472506462494	241.370773738927
2004.30697800736	145.304347292453	240.043957728956
2004.39872910024	137.280692392724	231.562463541306
2004.49048019312	153.903012664412	240.184995106079
2004.582231286	153.24767573287	248.529881269913
2004.67398237889	156.998162723607	258.545313985762
2004.76573347177	145.136757988463	258.879534336542
2004.85748456465	147.624317799584	281.721516370859
2004.94923565753	114.729027211059	245.327361226713
2005.04098675041	101.384906624418	245.18917130343
2005.1327378433	119.739246464694	220.038469095765
2005.22448893618	133.117127000139	234.952752630443
2005.31624002906	130.027027098748	236.920061161881
2005.40799112194	127.008493230515	235.894138603148
2005.49974221482	145.970569870398	256.4952566492
2005.59149330771	140.187634967079	232.524971741905
2005.68324440059	125.787474211533	218.566147584846
2005.77499549347	116.482509217324	205.18413017578
2005.86674658635	110.615754805357	195.512651536559
2005.95849767924	114.857076919723	192.068797013298
2006.05024877212	93.3180208554073	161.152377964126
2006.141999865	112.222800430354	184.216357004022
2006.23375095788	95.0904037087915	152.169905950656
2006.32550205076	90.729037567927	141.636530761928
2006.41725314365	90.1042529309981	141.574931958451
2006.50900423653	111.603234177835	173.670290195475
2006.60075532941	120.154528550242	194.494427221143
2006.69250642229	131.206300332302	211.504724132887
2006.78425751517	133.767871482765	222.835839385769
2006.87600860806	138.209941587473	236.761565057317
2006.96775970094	141.958969604283	273.409046464454
2007.05951079382	107.563913166287	230.435637787502
2007.1512618867	104.580950931982	202.197081584226
2007.24301297958	86.7731698207217	200.071632453739
2007.33476407247	97.3897010078085	204.79010044985
2007.42651516535	86.2306469985688	196.290451634579
2007.51826625823	80.0110117168786	192.625987867091
2007.61001735111	78.9340774854548	192.979425890342
2007.701768444	81.6506022345395	196.465445803365
2007.79351953688	74.3585661921414	189.810762942833
2007.88527062976	70.0568652387883	211.740529087818
2007.97702172264	72.5282855515696	236.672866067699
2008.06877281552	72.1899969330683	208.652548129739
2008.16052390841	71.19424859721	178.405411456111
2008.25227500129	91.2661523260122	178.72406294439
2008.34402609417	94.6620482781165	186.304605585467
2008.43577718705	101.994198177754	196.109251224616
2008.52752827993	99.6668485342413	204.721652911211
2008.61927937282	103.929060372718	224.853941094954
2008.7110304657	108.896156851016	244.982032719302
2008.80278155858	116.339267139528	279.507262335219
2008.89453265146	111.644154809084	280.785973799074
2008.98628374434	87.3444291200086	299.843010925357
2009.07803483723	84.5050933956044	281.439089678412
2009.16978593011	96.3353611883041	259.327301426903
2009.26153702299	76.8405520288423	243.520643626235
2009.35328811587	85.4756614966774	252.180892198845
2009.44503920876	74.8110913156426	257.815955481463
2009.53679030164	76.2611148598178	267.75671914372
2009.62854139452	80.2552804103009	215.334540998047
2009.7202924874	71.6857426524323	205.760076562352
2009.81204358028	71.0901091008771	213.209485622145
2009.90379467317	65.3374382590192	220.730553724284
2009.99554576605	55.0794445630338	221.227002818502
2010.08729685893	59.6798488323864	236.793124181846
2010.17904795181	83.1484644696337	222.355681903791
2010.27079904469	75.3005753401253	198.989407771664
2010.36255013758	79.2073818675639	208.612125312653
2010.45430123046	78.8363253440838	197.996474986759
2010.54605232334	81.8748090834422	206.915401025362
2010.63780341622	95.1878800065493	220.95225685474
2010.7295545091	102.497142171623	224.504639040867
2010.82130560199	111.133490979707	274.004767877921
2010.91305669487	120.199043211472	268.164828987362
2011.00480778775	116.423167145015	275.452355911878
2011.09655888063	164.106263709116	295.533881204578
2011.18830997352	143.740605908044	264.047068273743
2011.2800610664	164.377846670649	287.834915269328
2011.37181215928	150.630479496317	294.417515316884
2011.46356325216	156.163866702155	302.220049046553
2011.55531434504	164.60925442487	321.530977480266
2011.64706543793	160.716879681085	323.959623904354
2011.73881653081	147.060754195268	350.79287886979
2011.83056762369	151.411248212905	389.315862664942
2011.92231871657	208.902927635983	501.900618345433
2012.01406980945	291.023734756338	664.402623783896
2012.10582090234	325.338858932986	534.441192780654
2012.19757199522	279.512830090351	445.441021497348
2012.2893230881	287.784592744884	533.781187882982
2012.38107418098	307.859753574758	586.178287224519
2012.47282527386	317.510534157802	618.699822354973
2012.56457636675	323.485559540042	692.931314674825
2012.65632745963	348.528450802599	829.099716785842
2012.74807855251	350.826424867107	984.597270310043
2012.83982964539	331.201072912988	1235.86855792204
2012.93158073827	586.32571980487	1335.75015278311
2013.02333183116	377.188083147967	641.965362282345
2013.11508292404	193.817766848365	302.762059001977
2013.20683401692	164.561667078027	283.478837020442
2013.2985851098	159.343689034948	265.313736045626
2013.39033620269	160.32176778153	265.728934800357
2013.48208729557	158.313602147705	262.039140625027
2013.57383838845	154.815786051544	256.865494648449
2013.66558948133	149.39009728464	250.992383877192
2013.75734057421	140.609263271164	241.704444610242
2013.8490916671	131.2359892692	224.162449266608
2013.94084275998	100.440019457565	187.973215243261
2014.03259385286	37.7353925907807	83.1099549767774
2014.12434494574	17.3356519678149	95.4924357241596
2014.21609603862	14.3704904509652	94.7727501536553
2014.30784713151	20.8963638238177	89.6197640470351
2014.39959822439	20.7539528259637	89.6468555254573
2014.49134931727	20.5687721331211	89.6831921794067
2014.58310041015	20.3177233525461	91.5805298971007
2014.67485150303	16.9602355020036	89.8080430220481
2014.76660259592	17.4006843150051	90.9480360701447
2014.8583536888	18.1858155958292	96.0114073196439
2014.95010478168	10.7065177544666	104.553220006485
2015.04185587456	7.91098937623479	118.846007995046
2015.13360696745	5.42295155866059	153.416433104699
2015.22535806033	5.4228789832482	153.404441523398
2015.31710915321	NA	NA
2015.40886024609	NA	NA
2015.50061133897	NA	NA
2015.59236243186	NA	NA
2015.68411352474	NA	NA
2015.77586461762	NA	NA
2015.8676157105	NA	NA
2015.95936680338	NA	NA
2016.05111789627	NA	NA
2016.14286898915	1.69951566788133	96.8041630965769
2016.23462008203	13.5131438921296	91.6086032620722
2016.32637117491	13.5278473590908	91.5751661191738
2016.41812226779	13.5465030219486	91.5350858320825
2016.50987336068	13.5709219461949	91.4853254609188
2016.60162445356	13.6042212144619	91.42065802434
