time	95%HPD_lower_value	95%HPD_higher_value
1997.32098142353	NA	NA
1997.41761401641	0	0
1997.51424660929	0	0
1997.61087920218	0	2.22642180684687
1997.70751179506	0	12.4198937995319
1997.80414438794	0	22.6188321095245
1997.90077698082	0	32.8232264635367
1997.99740957371	0	43.5973337745916
1998.09404216659	0	65.802550145882
1998.19067475947	0	134.532781399407
1998.28730735235	0	240.940546229443
1998.38393994524	0	351.172910841229
1998.48057253812	0	437.293615065721
1998.577205131	0	510.700605985025
1998.67383772388	0	597.2574353861
1998.77047031677	64.3741545663453	743.739417907567
1998.86710290965	110.528863741955	800.928327118212
1998.96373550253	96.267956046253	836.91940814631
1999.06036809541	135.926157861627	893.343211368557
1999.15700068829	164.244058549546	951.812211028659
1999.25363328118	195.044579293844	1005.72081200397
1999.35026587406	212.394361947867	1110.62031847756
1999.44689846694	252.940179693476	1225.00224741953
1999.54353105982	271.853443174949	1339.78313218425
1999.64016365271	290.82607890799	1493.73371677388
1999.73679624559	343.942444183696	1669.79630866282
1999.83342883847	422.346348437396	1744.46944392054
1999.93006143135	422.346348437396	1811.84937239209
2000.02669402424	422.346348437396	1847.68579117782
2000.12332661712	584.349552598376	1963.74153110052
2000.21995921	647.755031173513	2025.3206402162
2000.31659180288	694.179633102438	2096.16974612845
2000.41322439577	650.750580787124	1945.19831690546
2000.50985698865	774.50924437268	2103.76292108016
2000.60648958153	894.694737384106	2307.76589989932
2000.70312217441	908.35391748891	2412.20511304121
2000.79975476729	1236.43968880913	2690.83218110613
2000.89638736018	1327.91257085191	2694.19931140808
2000.99301995306	1495.72800126608	2874.7630510272
2001.08965254594	1589.98623328861	3165.68001712575
2001.18628513882	1731.231709946	3612.22742809517
2001.28291773171	1924.50814188157	3858.27961038216
2001.37955032459	2036.25629012188	3916.0430921494
2001.47618291747	2161.94139634133	3973.81156936001
2001.57281551035	2388.32449562659	4031.58432604493
2001.66944810324	2614.88497663028	4256.93546351361
2001.76608069612	2780.73742540189	4339.57279744489
2001.862713289	3005.46313434466	4580.88796903621
2001.95934588188	3053.51498261743	4714.87176782818
2002.05597847477	3547.79386242856	4958.11670681204
2002.15261106765	3547.79386242856	4958.11670681204
2002.24924366053	3547.79386242856	4958.11670681204
2002.34587625341	3547.79386242856	4958.11670681204
2002.44250884629	3589.5212575919	5002.13555577884
2002.53914143918	3654.55306059471	5065.60831090311
2002.63577403206	3732.33880106315	5128.83056075326
2002.73240662494	3746.48788306223	5278.14299367281
2002.82903921782	3836.92369630315	5456.63462156902
2002.92567181071	3974.35172284053	5644.05637712898
2003.02230440359	4021.80086172919	5706.65716276501
2003.11893699647	4041.05428837849	5780.64470897816
2003.21556958935	4041.05428837849	5780.64470897816
2003.31220218224	4041.05428837849	5780.64470897816
2003.40883477512	4041.05428837849	5780.64470897816
2003.505467368	4041.05428837849	5780.64470897816
2003.60209996088	4041.05428837849	5798.86412060989
2003.69873255377	4086.1062895289	5869.77831278828
2003.79536514665	4044.78043887814	6046.10645137422
2003.89199773953	4062.34271226308	6046.10645137422
2003.98863033241	4086.1062895289	6081.11660654403
2004.08526292529	4198.24014903284	6168.05943330633
2004.18189551818	4201.6103158209	6220.80973420066
2004.27852811106	4207.99221181514	6168.05943330633
2004.37516070394	4273.97023706204	6168.05943330633
2004.47179329682	4301.81436942091	6211.10056819878
2004.56842588971	4301.81436942091	6295.86893771686
2004.66505848259	4301.81436942091	6386.16133514674
2004.76169107547	4368.02027758138	6530.64581466633
2004.85832366835	4377.89469521193	6565.38130307368
2004.95495626124	4439.89329455287	6654.29420436702
2005.05158885412	4501.69401092282	6742.73245428038
2005.148221447	4541.10882097459	6830.68849260197
2005.24485403988	4434.30266161477	6728.53015604233
2005.34148663277	4506.16262387781	6795.2738605824
2005.43811922565	4577.68031192087	6861.70678305649
2005.53475181853	4648.85100937219	6927.82487238402
2005.63138441141	4719.66995481683	6993.62404118735
2005.72801700429	4790.13234173243	7059.10016577152
2005.82464959718	4860.23331845189	7124.24908612471
2005.92128219006	4860.23331845189	7124.24908612471
2006.01791478294	4860.23331845189	7124.24908612471
2006.11454737582	4860.23331845189	7124.24908612471
2006.21117996871	4860.23331845189	7124.24908612471
2006.30781256159	4860.23331845189	7124.24908612471
2006.40444515447	4860.23331845189	7124.24908612471
2006.50107774735	4860.23331845189	7124.24908612471
2006.59771034024	4860.23331845189	7124.24908612471
2006.69434293312	4860.23331845189	7124.24908612471
2006.790975526	4860.23331845189	7124.24908612471
2006.88760811888	4860.23331845189	7124.24908612471
2006.98424071176	4860.23331845189	7124.24908612471
2007.08087330465	4860.23331845189	7124.24908612471
2007.17750589753	4860.23331845189	7124.24908612471
2007.27413849041	4860.23331845189	7124.24908612471
2007.37077108329	4860.23331845189	7124.24908612471
2007.46740367618	4860.23331845189	7124.24908612471
2007.56403626906	4860.23331845189	7124.24908612471
2007.66066886194	4860.23331845189	7124.24908612471
2007.75730145482	4860.23331845189	7124.24908612471
2007.85393404771	4860.23331845189	7124.24908612471
2007.95056664059	4860.23331845189	7124.24908612471
2008.04719923347	4860.23331845189	7124.24908612471
2008.14383182635	4860.23331845189	7124.24908612471
2008.24046441924	4860.23331845189	7124.24908612471
2008.33709701212	4860.23331845189	7124.24908612471
2008.433729605	4860.23331845189	7124.24908612471
2008.53036219788	4860.23331845189	7124.24908612471
2008.62699479076	4860.23331845189	7124.24908612471
2008.72362738365	4860.23331845189	7124.24908612471
2008.82025997653	4860.23331845189	7124.24908612471
2008.91689256941	4860.23331845189	7124.24908612471
2009.01352516229	4860.23331845189	7124.24908612471
2009.11015775518	4860.23331845189	7124.24908612471
2009.20679034806	4860.23331845189	7124.24908612471
2009.30342294094	4860.23331845189	7124.24908612471
2009.40005553382	4860.23331845189	7124.24908612471
2009.49668812671	4860.23331845189	7124.24908612471
2009.59332071959	4860.23331845189	7124.24908612471
2009.68995331247	4860.23331845189	7124.24908612471
2009.78658590535	4860.23331845189	7124.24908612471
2009.88321849824	4860.23331845189	7124.24908612471
2009.97985109112	4860.23331845189	7124.24908612471
2010.076483684	4860.23331845189	7124.24908612471
2010.17311627688	4860.23331845189	7124.24908612471
2010.26974886976	4860.23331845189	7124.24908612471
2010.36638146265	4860.23331845189	7124.24908612471
2010.46301405553	4860.23331845189	7124.24908612471
2010.55964664841	4860.23331845189	7124.24908612471
2010.65627924129	4860.23331845189	7124.24908612471
2010.75291183418	4860.23331845189	7124.24908612471
2010.84954442706	4860.23331845189	7124.24908612471
2010.94617701994	4860.23331845189	7124.24908612471
2011.04280961282	4860.23331845189	7124.24908612471
2011.13944220571	4860.23331845189	7124.24908612471
2011.23607479859	4860.23331845189	7124.24908612471
2011.33270739147	4860.23331845189	7124.24908612471
2011.42933998435	4860.23331845189	7124.24908612471
2011.52597257724	4860.23331845189	7124.24908612471
2011.62260517012	4860.97049094418	7124.24908612471
2011.719237763	4918.11542326077	7124.24908612471
2011.81587035588	4975.17938732323	7124.24908612471
2011.91250294876	4975.17938732323	7124.24908612471
2012.00913554165	4975.17938732323	7124.24908612471
2012.10576813453	4975.17938732323	7237.71947737202
2012.20240072741	5126.35300173383	7432.22472908518
2012.29903332029	5145.82160626987	7515.74131083345
2012.39566591318	4975.17938732323	7345.34786357079
2012.49229850606	5029.13659005993	7365.86868917215
2012.58893109894	5033.34427435164	7365.86868917215
2012.68556369182	5146.53410646351	7432.22472908518
2012.78219628471	5146.53410646351	7432.22472908518
2012.87882887759	5146.53410646351	7432.22472908518
2012.97546147047	5146.53410646351	7432.22472908518
2013.07209406335	5146.53410646351	7432.22472908518
2013.16872665624	5146.53410646351	7432.22472908518
2013.26535924912	5146.53410646351	7432.22472908518
2013.361991842	5146.53410646351	7432.22472908518
2013.45862443488	5146.53410646351	7432.22472908518
2013.55525702776	5146.53410646351	7432.22472908518
2013.65188962065	5146.53410646351	7432.22472908518
2013.74852221353	5146.53410646351	7432.22472908518
2013.84515480641	5146.53410646351	7432.22472908518
2013.94178739929	5146.53410646351	7432.22472908518
2014.03841999218	5146.53410646351	7432.22472908518
2014.13505258506	5146.53410646351	7432.22472908518
2014.23168517794	5146.53410646351	7432.22472908518
2014.32831777082	5146.53410646351	7432.22472908518
2014.42495036371	5146.53410646351	7432.22472908518
2014.52158295659	5146.53410646351	7432.22472908518
2014.61821554947	5146.53410646351	7432.22472908518
2014.71484814235	5146.53410646351	7432.22472908518
2014.81148073524	5146.53410646351	7432.22472908518
2014.90811332812	5146.53410646351	7432.22472908518
2015.004745921	5146.53410646351	7432.22472908518
2015.10137851388	5146.53410646351	7432.22472908518
2015.19801110676	5146.53410646351	7432.22472908518
2015.29464369965	5146.53410646351	7432.22472908518
2015.39127629253	5146.53410646351	7432.22472908518
2015.48790888541	5146.53410646351	7432.22472908518
2015.58454147829	5146.53410646351	7432.22472908518
2015.68117407118	5146.53410646351	7432.22472908518
2015.77780666406	5146.53410646351	7432.22472908518
2015.87443925694	5146.53410646351	7432.22472908518
2015.97107184982	5146.53410646351	7432.22472908518
2016.06770444271	5146.53410646351	7432.22472908518
2016.16433703559	5146.53410646351	7432.22472908518
2016.26096962847	5146.53410646351	7432.22472908518
2016.35760222135	5146.53410646351	7432.22472908518
2016.45423481424	5146.53410646351	7432.22472908518
2016.55086740712	5146.53410646351	7432.22472908518
2016.6475	5146.53410646351	7432.22472908518
