time	velocity	number_of_branches
1997.36929771989	353.256178149977	0.6
1997.46593031277	344.941714421892	0.76
1997.56256290566	523.432248488863	1.9
1997.65919549854	341.308779201397	4.54
1997.75582809142	337.805066694344	6.62
1997.8524606843	331.51888508553	10.34
1997.94909327719	382.971810501909	15.43
1998.04572587007	288.495033647357	20.96
1998.14235846295	242.01247177305	24.62
1998.23899105584	235.017015813759	27.66
1998.33562364872	198.687923964776	29.27
1998.4322562416	183.283114471721	30.1
1998.52888883448	174.236029478107	31.11
1998.62552142737	166.957509166114	31.05
1998.72215402025	167.420858176388	31.74
1998.81878661313	164.880586255152	31.36
1998.91541920602	167.618595297041	29.83
1999.0120517989	165.85483238253	26.2
1999.10868439178	166.290028221795	24.02
1999.20531698466	210.68654748575	24.64
1999.30194957755	195.36414884093	29.18
1999.39858217043	197.1237242643	35.68
1999.49521476331	208.196623256337	40.99
1999.59184735619	212.733403295731	47.3
1999.68847994908	217.356183030119	53.13
1999.78511254196	222.987877414287	57.06
1999.88174513484	233.180385771155	59.13
1999.97837772773	246.952019590369	62.3
2000.07501032061	240.306404712984	69.66
2000.17164291349	262.089661724009	80.86
2000.26827550637	278.467410893505	115.53
2000.36490809926	333.634299282247	194.4
2000.46154069214	365.284649571426	270.34
2000.55817328502	377.600468890927	322.7
2000.6548058779	382.223975678167	407.61
2000.75143847079	374.953050130804	428.17
2000.84807106367	368.016383817357	432.45
2000.94470365655	362.963913513089	433.11
2001.04133624944	358.354915707179	433.04
2001.13796884232	354.81991866601	429.76
2001.2346014352	347.796070723412	420.21
2001.33123402808	344.291449079996	391.49
2001.42786662097	345.162285551033	368.32
2001.52449921385	369.359421714222	348.45
2001.62113180673	410.97908307088	285.17
2001.71776439961	429.044594372081	257.32
2001.8143969925	419.819682031015	250.56
2001.91102958538	405.354069651104	248.21
2002.00766217826	385.531419895523	246.64
2002.10429477115	355.86372246166	247.42
2002.20092736403	317.870216118949	262.3
2002.29755995691	306.391843620894	340.39
2002.39419254979	308.152006541407	334.02
2002.49082514268	302.18056426726	301.49
2002.58745773556	367.888577479039	279.32
2002.68409032844	370.119867376274	265.41
2002.78072292133	364.634903840642	261.07
2002.87735551421	354.456945839046	259.93
2002.97398810709	344.309090900047	258.54
2003.07062069997	337.178990154693	260.67
2003.16725329286	317.383116271476	263.13
2003.26388588574	293.071746238418	198.37
2003.36051847862	293.540015774492	164.2
2003.4571510715	258.260809018015	177.58
2003.55378366439	263.480953901045	165.07
2003.65041625727	255.806652148128	169.3
2003.74704885015	247.836686880186	171.79
2003.84368144304	238.493884493472	173.05
2003.94031403592	221.076317647767	178.97
2004.0369466288	203.576466070609	179.96
2004.13357922168	196.025294440305	160.31
2004.23021181457	177.488800065128	146.62
2004.32684440745	174.913040624738	126.75
2004.42347700033	167.29901497442	113.89
2004.52010959321	197.138684456564	105.62
2004.6167421861	186.711028577505	127.96
2004.71337477898	180.649948114993	145.36
2004.81000737186	176.062112588343	152.38
2004.90663996475	171.152050654081	149.93
2005.00327255763	166.382905777557	143.56
2005.09990515051	160.998123290326	139.41
2005.19653774339	143.128426757686	138.06
2005.29317033628	138.16179539878	136.25
2005.38980292916	136.062613808727	135.8
2005.48643552204	133.966694143318	132.1
2005.58306811493	146.118693136901	117.26
2005.67970070781	151.876191029514	101.18
2005.77633330069	161.324525600687	92.8
2005.87296589357	173.252247664413	93.15
2005.96959848646	196.803156213635	96.96
2006.06623107934	219.72015013591	90.87
2006.16286367222	209.604032452071	90.45
2006.2594962651	191.520909087807	75.28
2006.35612885799	197.8973075731	70.59
2006.45276145087	206.958630871089	70.01
2006.54939404375	245.558889362019	71.19
2006.64602663664	257.469176723598	71.03
2006.74265922952	263.440599354851	74.86
2006.8392918224	257.461753052157	83.41
2006.93592441528	235.644250233339	95.11
2007.03255700817	209.351656442784	103.93
2007.12918960105	208.962752664604	103.13
2007.22582219393	180.469655798595	95.71
2007.32245478681	170.259454719514	108.11
2007.4190873797	165.658019668923	115.9
2007.51571997258	164.281268101574	117.7
2007.61235256546	163.380232968491	118.21
2007.70898515835	164.519028596826	116.12
2007.80561775123	165.30477802461	109.78
2007.90225034411	165.688362574397	100.32
2007.99888293699	164.988474459363	90.8
2008.09551552988	167.785756874527	80.21
2008.19214812276	166.476509521688	72.93
2008.28878071564	173.302890689095	62.02
2008.38541330852	173.450558163187	50.69
2008.48204590141	174.283890995663	45.06
2008.57867849429	188.222089856671	41.29
2008.67531108717	186.043050626401	40.64
2008.77194368006	173.734510761269	45.02
2008.86857627294	171.012109359687	47.3
2008.96520886582	164.862033935513	55.84
2009.0618414587	158.908954346439	58.04
2009.15847405159	170.030513502355	56.27
2009.25510664447	138.768697725653	66.07
2009.35173923735	144.494255519327	71.37
2009.44837183023	148.178076317202	77.56
2009.54500442312	156.596525344543	79.52
2009.641637016	162.869553441761	82.01
2009.73826960888	169.622664370047	80.45
2009.83490220177	175.797509209728	79.97
2009.93153479465	180.260410557329	79.63
2010.02816738753	189.032372153111	79.22
2010.12479998041	220.392293920146	81.7
2010.2214325733	195.081065061539	68.19
2010.31806516618	193.211118784574	71.56
2010.41469775906	193.662384085994	71.45
2010.51133035195	190.499030571751	72.79
2010.60796294483	171.156029259135	84.22
2010.70459553771	166.753977207808	94.04
2010.80122813059	159.67786242217	99.09
2010.89786072348	152.07600723803	99.34
2010.99449331636	144.206851165868	97.8
2011.09112590924	145.487679809329	96.84
2011.18775850212	129.435932158618	93.28
2011.28439109501	125.751443499548	84.45
2011.38102368789	122.570276419985	80.11
2011.47765628077	120.716256817702	76.33
2011.57428887366	120.618364033974	66.55
2011.67092146654	121.831890195142	52.33
2011.76755405942	127.83876603421	43.66
2011.8641866523	138.738864501254	38.27
2011.96081924519	146.925304584542	36.31
2012.05745183807	144.739230658661	43.63
2012.15408443095	144.987444579803	51.26
2012.25071702383	132.024283127949	51.01
2012.34734961672	134.102858779642	48.92
2012.4439822096	136.423085020342	47.46
2012.54061480248	138.956855556703	46.43
2012.63724739537	141.269834022683	46.02
2012.73387998825	144.306076920866	45.53
2012.83051258113	147.122349082897	45.3
2012.92714517401	149.434564569727	45.07
2013.0237777669	122.022211045527	35
2013.12041035978	55.2164890039561	30
2013.21704295266	60.638758530092	19
2013.31367554555	56.1555886459137	20
2013.41030813843	56.1969590977233	20
2013.50694073131	56.2508680266581	20
2013.60357332419	56.3241862483668	20
2013.70020591708	56.4299207197286	20
2013.79683850996	56.5960335855128	20
2013.89347110284	56.8956069755101	20
2013.99010369572	64.2432793572803	21
2014.08673628861	61.0536375918762	15
2014.18336888149	52.8032028959913	10
2014.28000147437	44.9274355261895	5
2014.37663406726	44.6345331527972	5
2014.47326666014	44.2534964541162	5
2014.56989925302	43.737060139694	5
2014.6665318459	42.9968010994528	5
2014.76316443879	41.8458724112381	5
2014.85979703167	39.8092572018432	5
2014.95642962455	58.8263941084807	5
2015.05306221743	63.1518804336075	4
2015.14969481032	49.8589992618963	5
2015.2463274032	41.8451709780686	4
2015.34295999608	41.5902138841579	4
2015.43959258897	41.2594753450391	4
2015.53622518185	40.8135122629623	4
2015.63285777473	40.1797591986266	4
2015.72949036761	39.2085215983206	4
2015.8261229605	37.5334171424454	4
2015.92275555338	33.956945496761	4
2016.01938814626	33.4453129737497	3
2016.11602073914	34.729273001604	2
2016.21265333203	211.803357955524	1
2016.30928592491	211.900013825973	1
2016.40591851779	211.996404905545	1
2016.50255111068	212.092531696922	1
2016.59918370356	212.188394701632	1
