time	distance
1998.29728142276	0
1998.38903251565	1.26612866947825
1998.48078360853	2.01339612591631
1998.57253470142	4.59899203396676
1998.6642857943	6.71279204153715
1998.75603688719	9.51944564700279
1998.84778798008	14.5083568743601
1998.93953907296	18.5778656277857
1999.03129016585	30.6690049601955
1999.12304125874	49.0709247004815
1999.21479235162	75.4430203343287
1999.30654344451	128.972502855461
1999.39829453739	197.947014478739
1999.49004563028	273.213676740534
1999.58179672317	377.242119377239
1999.67354781605	498.056703206279
1999.76529890894	635.70618411744
1999.85705000183	789.852557123089
1999.94880109471	947.612387637158
2000.0405521876	1105.7860849572
2000.13230328048	1266.62426268088
2000.22405437337	1430.01491904575
2000.31580546626	1594.91492372472
2000.40755655914	1761.87631125669
2000.49930765203	1930.2519066597
2000.59105874492	2099.90979468056
2000.6828098378	2102.04445551414
2000.77456093069	2102.89228165271
2000.86631202357	2104.20462887971
2000.95806311646	2107.20450223386
2001.04981420935	2109.91521396354
2001.14156530223	2111.55530712437
2001.23331639512	2112.9617690755
2001.325067488	2115.05507864237
2001.41681858089	2117.62988646833
2001.50856967378	2121.02190841617
2001.60032076666	2126.75614510549
2001.69207185955	2133.83856351065
2001.78382295244	2142.83462907848
2001.87557404532	2195.17262197048
2001.96732513821	2276.06321747363
2002.05907623109	2416.9964763925
2002.15082732398	2631.3039646492
2002.24257841687	2860.87323880882
2002.33432950975	3121.8366556253
2002.42608060264	3388.49887001465
2002.51783169553	3653.78263228372
2002.60958278841	3916.09252279906
2002.7013338813	4172.14164989401
2002.79308497418	4197.76954196678
2002.88483606707	4211.75668036971
2002.97658715996	4229.55681592976
2003.06833825284	4290.48657251981
2003.16008934573	4321.64441749026
2003.25184043861	4368.1412777773
2003.3435915315	4432.7390500036
2003.43534262439	4506.69446417863
2003.52709371727	4587.94430672406
2003.61884481016	4677.94522298429
2003.71059590305	4771.29930047421
2003.80234699593	4875.56056371769
2003.89409808882	5020.8998619353
2003.9858491817	5026.75653964684
2004.07760027459	5033.12538377501
2004.16935136748	5040.01669623729
2004.26110246036	5047.75538508432
2004.35285355325	5056.6784988809
2004.44460464614	5071.49104419586
2004.53635573902	5081.83301422024
2004.62810683191	5092.17667863513
2004.71985792479	5104.55771710397
2004.81160901768	5117.48150922481
2004.90336011057	5132.52997399499
2004.99511120345	5141.78104272509
2005.08686229634	5150.36721634279
2005.17861338923	5159.05658397963
2005.27036448211	5167.97499572907
2005.362115575	5178.66881712976
2005.45386666788	5190.17686620405
2005.54561776077	5202.62757275217
2005.63736885366	5214.98578337562
2005.72911994654	5228.84722229515
2005.82087103943	5243.44791227953
2005.91262213231	5259.47001468107
2006.0043732252	5276.3701781256
2006.09612431809	5294.70997977513
2006.18787541097	5314.13848859098
2006.27962650386	5334.2023706587
2006.37137759675	5356.70017004046
2006.46312868963	5381.23441057784
2006.55487978252	5405.84580777912
2006.6466308754	5421.31309305138
2006.73838196829	5422.61645964723
2006.83013306118	5423.91974851582
2006.92188415406	5425.54221728281
2007.01363524695	5427.15965906562
2007.10538633984	5428.757721147
2007.19713743272	5430.594259706
2007.28888852561	5432.45640638331
2007.38063961849	5434.3863649971
2007.47239071138	5436.50299755276
2007.56414180427	5438.37205087706
2007.65589289715	5441.14113898088
2007.74764399004	5444.47607171916
2007.83939508292	5447.90307725761
2007.93114617581	5462.82288778593
2008.0228972687	5464.9785196395
2008.11464836158	5467.67621659477
2008.20639945447	5470.85828798466
2008.29815054736	5475.98838114289
2008.38990164024	5481.49009605376
2008.48165273313	5487.53676480404
2008.57340382601	5490.38646386365
2008.6651549189	5493.25646257297
2008.75690601179	5496.00211115283
2008.84865710467	5498.86297322277
2008.94040819756	5501.8676590383
2009.03215929045	5502.6749056502
2009.12391038333	5503.48185980172
2009.21566147622	5504.52370689065
2009.3074125691	5506.08292506557
2009.39916366199	5507.70319879768
2009.49091475488	5509.42724091957
2009.58266584776	5510.66084420056
2009.67441694065	5511.88584325871
2009.76616803353	5514.90947750937
2009.85791912642	5518.04645876858
2009.94967021931	5521.1801992594
2010.04142131219	5524.31062665569
2010.13317240508	5527.89464173386
2010.22492349797	5532.44075330818
2010.31667459085	5536.83412666932
2010.40842568374	5542.02251066174
2010.50017677662	5547.86721724292
2010.59192786951	5554.86308221629
2010.6836789624	5563.18887948596
2010.77543005528	5572.77160630304
2010.86718114817	5583.77191670945
2010.95893224106	5595.50979238596
2011.05068333394	5608.41645311782
2011.14243442683	5622.90520583709
2011.23418551971	5640.23432311793
2011.3259366126	5664.47096874494
2011.41768770549	5693.84604327621
2011.50943879837	5729.78571282669
2011.60118989126	5768.19826675848
2011.69294098415	5770.77869545151
2011.78469207703	5773.61133724533
2011.87644316992	5776.69179134991
2011.9681942628	5779.89296953773
2012.05994535569	5780.14759659608
2012.15169644858	5780.80108460799
2012.24344754146	5781.53737948337
2012.33519863435	5782.28270947158
2012.42694972723	5782.74297645946
2012.51870082012	5783.16007373959
2012.61045191301	5784.41392969325
2012.70220300589	5785.621560211
2012.79395409878	5787.39689448866
2012.88570519167	5789.36946263125
2012.97745628455	5792.01100907119
2013.06920737744	5795.02761045699
2013.16095847032	5798.72514536895
2013.25270956321	5804.14138571806
2013.3444606561	5813.31078018244
2013.43621174898	5822.73533586438
2013.52796284187	5836.87882993256
2013.61971393476	5837.14560784071
2013.71146502764	5837.14560784071
2013.80321612053	5837.40184594358
2013.89496721341	5837.72902887522
2013.9867183063	5838.39767837221
2014.07846939919	5839.15611479834
2014.17022049207	5839.91502561695
2014.26197158496	5840.67440743747
2014.35372267785	5841.43425687326
2014.44547377073	5842.37860221096
2014.53722486362	5843.48793370082
2014.6289759565	5844.59804157949
2014.72072704939	5845.70892025445
2014.81247814228	5847.28057444479
2014.90422923516	5849.20991182684
2014.99598032805	5851.1409292394
2015.08773142093	5853.0736127007
2015.17948251382	5855.00794827275
2015.27123360671	5856.9439220607
2015.36298469959	5859.02734783907
2015.45473579248	5861.45286631688
2015.54648688537	5864.89941208797
2015.63823797825	5868.42749292089
2015.72998907114	5871.95780169247
2015.82174016402	5875.61232472272
2015.91349125691	5879.75634827265
2016.0052423498	5884.49323653639
2016.09699344268	5889.34975344033
2016.18874453557	5894.5363011871
2016.28049562846	5899.99631475598
2016.37224672134	5905.6470958374
2016.46399781423	5905.6470958374
2016.55574890711	5905.6470958374
2016.6475	5905.6470958374
