time	velocity	number_of_branches
1997.50482575808	327.64665894449	0.9
1997.60077901243	245.908544703049	1.86
1997.69673226677	359.073223398227	3.28
1997.79268552112	346.350098656702	5.98
1997.88863877546	317.069949090361	10.98
1997.98459202981	283.684759960715	16.05
1998.08054528416	221.881460742574	19.69
1998.1764985385	189.449558500652	22.54
1998.27245179285	157.078976705944	24.86
1998.36840504719	138.488157824845	25.76
1998.46435830154	127.418070687312	26.31
1998.56031155588	119.563339090153	26.59
1998.65626481023	116.25157890259	27.7
1998.75221806457	114.429409149852	28.25
1998.84817131892	116.734256217859	27.09
1998.94412457326	120.775609090894	23.32
1999.04007782761	123.760298971107	19.37
1999.13603108196	138.74614331718	17.5
1999.2319843363	142.521088109406	17.84
1999.32793759065	134.541650860828	22.12
1999.42389084499	148.154935811743	26.44
1999.51984409934	163.072717655723	31.58
1999.61579735368	183.628406549135	37.59
1999.71175060803	201.446627840097	41.94
1999.80770386237	213.570332140089	44.93
1999.90365711672	229.324470251321	47.81
1999.99961037106	240.913388816116	50.3
2000.09556362541	241.022517084833	57.11
2000.19151687976	266.607745212405	73.67
2000.2874701341	309.730745159694	136.4
2000.38342338845	361.789220184211	192.49
2000.47937664279	386.932700741821	236.77
2000.57532989714	396.694336477863	286.89
2000.67128315148	396.30519519722	349.98
2000.76723640583	385.36052762917	369.13
2000.86318966017	375.552443143714	372.76
2000.95914291452	368.830139277594	373.45
2001.05509616886	363.567391275078	372.95
2001.15104942321	357.938682159657	369.69
2001.24700267756	348.820931704015	353.75
2001.3429559319	350.125183541825	315.45
2001.43890918625	351.331602849831	305.33
2001.53486244059	372.873117845309	298.16
2001.63081569494	417.17990448399	246.28
2001.72676894928	433.258679629961	221.46
2001.82272220363	422.489497136203	214.99
2001.91867545797	405.551436187712	213
2002.01462871232	388.276770563313	211.38
2002.11058196666	353.447503591277	212.97
2002.20653522101	311.850336726823	223.14
2002.30248847536	306.42183256885	280.78
2002.3984417297	310.69723054539	278.98
2002.49439498405	314.082944895091	246.78
2002.59034823839	386.425006759363	224.5
2002.68630149274	394.766583404832	209.7
2002.78225474708	389.778682472135	206.93
2002.87820800143	381.78272737822	206.26
2002.97416125577	373.826320811102	205.44
2003.07011451012	371.507625012146	207.19
2003.16606776446	332.384403158328	205.55
2003.26202101881	295.506457059891	164.43
2003.35797427316	289.106563447862	140.55
2003.4539275275	251.846948215665	149.73
2003.54988078185	249.653025450711	134.02
2003.64583403619	242.687652697445	138.27
2003.74178729054	235.164174401297	140.58
2003.83774054488	227.685350843582	140.89
2003.93369379923	212.773891460562	144.1
2004.02964705357	197.191244271531	144
2004.12560030792	190.497953713685	139.03
2004.22155356226	173.623480504871	122.09
2004.31750681661	169.351486407188	102.38
2004.41346007096	165.478541259453	90.17
2004.5094133253	198.142765752072	85.04
2004.60536657965	188.066874326015	103.31
2004.70131983399	180.792557335413	116.21
2004.79727308834	175.861569380819	122.64
2004.89322634268	172.81255700838	121.95
2004.98917959703	170.624641052657	119.35
2005.08513285137	161.634298271884	118.35
2005.18108610572	156.314472316051	110.16
2005.27703936006	136.446899591177	108.28
2005.37299261441	136.011143184094	107.72
2005.46894586876	135.018338948348	105.99
2005.5648991231	150.484814921798	98.29
2005.66085237745	153.7224033216	83.26
2005.75680563179	160.3826195724	77.77
2005.85275888614	178.51712357701	77.4
2005.94871214048	200.598499561747	79.77
2006.04466539483	229.261186334469	77.12
2006.14061864917	214.24152376011	75.61
2006.23657190352	190.904499601894	68.63
2006.33252515786	196.479290318506	64.17
2006.42847841221	204.614163134505	62.01
2006.52443166656	247.475759837385	62.17
2006.6203849209	260.31808664007	62.12
2006.71633817525	274.477501235298	62.54
2006.81229142959	282.991032167319	64.73
2006.90824468394	272.655740703516	73.55
2007.00419793828	261.666825896016	79.93
2007.10015119263	257.304248655982	81.62
2007.19610444697	215.370813223444	72.68
2007.29205770132	194.110789084676	78.83
2007.38801095566	184.05875029776	87.26
2007.48396421001	178.445188415512	91.47
2007.57991746436	174.217089019197	91.13
2007.6758707187	171.875474233117	90.02
2007.77182397305	170.369547197345	86.89
2007.86777722739	164.79176706638	81.68
2007.96373048174	167.8120261765	73.19
2008.05968373608	165.954985912842	67.43
2008.15563699043	166.349221962333	63.37
2008.25159024477	170.316411853057	57.24
2008.34754349912	167.083580784601	48.22
2008.44349675346	170.383826469282	41.16
2008.53945000781	178.576937775444	37.77
2008.63540326216	179.445678349035	36.48
2008.7313565165	168.585939489015	39.85
2008.82730977085	168.101706769386	43.19
2008.92326302519	161.943678926952	49.27
2009.01921627954	163.256218792196	52.3
2009.11516953388	158.922953120705	48.32
2009.21112278823	148.553779558202	59.9
2009.30707604257	152.791542311841	58.77
2009.40302929692	156.012025346708	64.24
2009.49898255126	163.716541999525	69.72
2009.59493580561	173.107470573309	70.07
2009.69088905995	181.193095325398	70.96
2009.7868423143	188.291609220475	71.82
2009.88279556865	198.217665742118	71.96
2009.97874882299	208.122574275894	70.18
2010.07470207734	212.234701959219	70.25
2010.17065533168	226.038312253466	61.11
2010.26660858603	208.805494875752	63.2
2010.36256184037	203.166022725124	65.24
2010.45851509472	197.570594597061	67.6
2010.55446834906	186.125375004502	70.84
2010.65042160341	175.202634290482	77.01
2010.74637485775	164.067009387504	80.49
2010.8423281121	154.728360150116	80.24
2010.93828136645	144.098530429716	79.22
2011.03423462079	129.805459671283	78.61
2011.13018787514	134.484603218129	76.27
2011.22614112948	118.496529402269	70.61
2011.32209438383	116.086052769369	67.01
2011.41804763817	115.314841097476	62.31
2011.51400089252	116.088052905855	56.82
2011.60995414686	120.605466060088	47.11
2011.70590740121	126.927849536644	39.54
2011.80186065555	134.540125861	36.15
2011.8978139099	148.384366910506	33.23
2011.99376716425	173.854386287875	34.48
2012.08972041859	143.548225521239	39.4
2012.18567367294	135.548585471096	48.34
2012.28162692728	128.264748715954	45.87
2012.37758018163	130.506566931105	43.88
2012.47353343597	132.915784866952	43.05
2012.56948669032	135.566535315469	42.41
2012.66543994466	139.179924633041	41.84
2012.76139319901	143.121393282638	41.47
2012.85734645335	146.826015558739	41.14
2012.9532997077	149.280880930629	40.04
2013.04925296205	76.8604700057885	30
2013.14520621639	53.7614394749727	19
2013.24115947074	56.3011554677127	16
2013.33711272508	53.3303870854399	17
2013.43306597943	53.4109509987654	17
2013.52901923377	53.5167275362451	17
2013.62497248812	53.6620154581927	17
2013.72092574246	53.8744407629286	17
2013.81687899681	54.2152010725583	17
2013.91283225115	54.8523153027974	17
2014.0087855055	60.4545623140465	18
2014.10473875985	61.3232423682437	11
2014.20069201419	51.0994404334601	9
2014.29664526854	45.3383680659554	5
2014.39259852288	45.0713371270452	5
2014.48855177723	44.7225516405449	5
2014.58450503157	44.247266788184	5
2014.68045828592	43.5607954922884	5
2014.77641154026	42.4811357698137	5
2014.87236479461	40.5328464390931	5
2014.96831804895	55.642502507955	5
2015.0642713033	59.1317747596242	4
2015.16022455765	47.0948493400267	5
2015.25617781199	46.4194770161926	3
2015.35213106634	46.2168030373983	3
2015.44808432068	45.9500836982499	3
2015.54403757503	45.5841396810633	3
2015.63999082937	45.0522474115554	3
2015.73594408372	44.2105673626131	3
2015.83189733806	42.6814647089294	3
2015.92785059241	39.0533601925916	3
2016.02380384675	39.6842740589403	2
2016.1197571011	44.8501541107215	1
2016.21571035545	203.301745416099	1
2016.31166360979	203.392146761053	1
2016.40761686414	203.482315056613	1
2016.50357011848	203.57225072107	1
2016.59952337283	203.661954171883	1
