time	distance
1999.44954913049	0
1999.53553888484	0
1999.62152863919	0
1999.70751839353	0
1999.79350814788	0
1999.87949790223	0
1999.96548765658	0
2000.05147741092	0
2000.13746716527	0
2000.22345691962	0
2000.30944667397	48.5378301436492
2000.39543642831	104.097036639382
2000.48142618266	133.968387604234
2000.56741593701	169.091843014723
2000.65340569136	193.68306427341
2000.7393954457	230.252062077075
2000.82538520005	268.224218285472
2000.9113749544	307.966541615252
2000.99736470875	348.227484368752
2001.08335446309	392.947767057542
2001.16934421744	441.257723978653
2001.25533397179	484.159854702152
2001.34132372614	528.336397261375
2001.42731348048	573.839261548197
2001.51330323483	622.874449645425
2001.59929298918	669.177857175032
2001.68528274353	672.620748892899
2001.77127249787	675.320875774147
2001.85726225222	676.734477738516
2001.94325200657	677.523464499487
2002.02924176092	689.781390722825
2002.11523151526	735.777064260508
2002.20122126961	782.054218360875
2002.28721102396	840.407803985517
2002.37320077831	891.507640919361
2002.45919053265	932.541545894602
2002.545180287	1003.30125852731
2002.63117004135	1058.88014398391
2002.7171597957	1121.47277070592
2002.80314955004	1193.78316783393
2002.88913930439	1257.31673846013
2002.97512905874	1440.71369201886
2003.06111881309	1620.79760216183
2003.14710856743	1876.60878484565
2003.23309832178	1975.26188038203
2003.31908807613	2081.15825378322
2003.40507783048	2231.23690261208
2003.49106758482	2444.08582335727
2003.57705733917	2754.93063539697
2003.66304709352	3092.19599635805
2003.74903684787	3092.68287688644
2003.83502660222	3235.79114051509
2003.92101635656	3587.324011539
2004.00700611091	3587.324011539
2004.09299586526	3587.324011539
2004.1789856196	3587.324011539
2004.26497537395	3587.324011539
2004.3509651283	3587.324011539
2004.43695488265	3587.324011539
2004.522944637	3587.324011539
2004.60893439134	3587.324011539
2004.69492414569	3587.324011539
2004.78091390004	3593.32387671829
2004.86690365439	3630.03963507632
2004.95289340873	3923.32828358596
2005.03888316308	3923.32828358596
2005.12487291743	3923.32828358596
2005.21086267178	3923.32828358596
2005.29685242612	3923.32828358596
2005.38284218047	3923.32828358596
2005.46883193482	3923.32828358596
2005.55482168917	3923.32828358596
2005.64081144351	3923.32828358596
2005.72680119786	3923.32828358596
2005.81279095221	3923.32828358596
2005.89878070656	3923.32828358596
2005.9847704609	3923.32828358596
2006.07076021525	3923.32828358596
2006.1567499696	3923.32828358596
2006.24273972395	3923.32828358596
2006.32872947829	3923.32828358596
2006.41471923264	3923.32828358596
2006.50070898699	3923.32828358596
2006.58669874134	3923.32828358596
2006.67268849568	3923.32828358596
2006.75867825003	3923.32828358596
2006.84466800438	3923.32828358596
2006.93065775873	3923.32828358596
2007.01664751307	3923.32828358596
2007.10263726742	3923.32828358596
2007.18862702177	3923.32828358596
2007.27461677612	3923.32828358596
2007.36060653046	3923.32828358596
2007.44659628481	3923.32828358596
2007.53258603916	3923.32828358596
2007.61857579351	3923.32828358596
2007.70456554785	3923.32828358596
2007.7905553022	3923.32828358596
2007.87654505655	3923.32828358596
2007.9625348109	3923.32828358596
2008.04852456524	3923.32828358596
2008.13451431959	3923.32828358596
2008.22050407394	3923.32828358596
2008.30649382829	3923.32828358596
2008.39248358264	3923.32828358596
2008.47847333698	3923.32828358596
2008.56446309133	3923.32828358596
2008.65045284568	3923.32828358596
2008.73644260003	3923.32828358596
2008.82243235437	3923.32828358596
2008.90842210872	3923.32828358596
2008.99441186307	3923.32828358596
2009.08040161742	3923.32828358596
2009.16639137176	3923.32828358596
2009.25238112611	3923.32828358596
2009.33837088046	3923.32828358596
2009.42436063481	3923.32828358596
2009.51035038915	3923.32828358596
2009.5963401435	3923.32828358596
2009.68232989785	3923.32828358596
2009.7683196522	3923.32828358596
2009.85430940654	3923.32828358596
2009.94029916089	3923.32828358596
2010.02628891524	3923.32828358596
2010.11227866959	3923.32828358596
2010.19826842393	3923.32828358596
2010.28425817828	3923.32828358596
2010.37024793263	3923.32828358596
2010.45623768698	3923.32828358596
2010.54222744132	3923.32828358596
2010.62821719567	3923.32828358596
2010.71420695002	3923.32828358596
2010.80019670437	3923.32828358596
2010.88618645871	3923.32828358596
2010.97217621306	3923.32828358596
2011.05816596741	3923.32828358596
2011.14415572176	3923.32828358596
2011.2301454761	3923.32828358596
2011.31613523045	3923.32828358596
2011.4021249848	3923.32828358596
2011.48811473915	3923.32828358596
2011.57410449349	3923.32828358596
2011.66009424784	3923.32828358596
2011.74608400219	3923.32828358596
2011.83207375654	3923.32828358596
2011.91806351088	3923.32828358596
2012.00405326523	3923.32828358596
2012.09004301958	3923.32828358596
2012.17603277393	3923.32828358596
2012.26202252827	3923.32828358596
2012.34801228262	3923.32828358596
2012.43400203697	3923.32828358596
2012.51999179132	3923.32828358596
2012.60598154567	3923.32828358596
2012.69197130001	3923.32828358596
2012.77796105436	3923.32828358596
2012.86395080871	3923.32828358596
2012.94994056306	3923.32828358596
2013.0359303174	3923.32828358596
2013.12192007175	3923.32828358596
2013.2079098261	3923.32828358596
2013.29389958045	3923.32828358596
2013.37988933479	3923.32828358596
2013.46587908914	3923.32828358596
2013.55186884349	3923.32828358596
2013.63785859784	3923.32828358596
2013.72384835218	3923.32828358596
2013.80983810653	3923.32828358596
2013.89582786088	3923.32828358596
2013.98181761523	3923.32828358596
2014.06780736957	3923.32828358596
2014.15379712392	3923.32828358596
2014.23978687827	3923.32828358596
2014.32577663262	3923.32828358596
2014.41176638696	3923.32828358596
2014.49775614131	3923.32828358596
2014.58374589566	3923.32828358596
2014.66973565001	3923.32828358596
2014.75572540435	3923.32828358596
2014.8417151587	3923.32828358596
2014.92770491305	3923.32828358596
2015.0136946674	3923.32828358596
2015.09968442174	3923.32828358596
2015.18567417609	3923.32828358596
2015.27166393044	3923.32828358596
2015.35765368479	3923.32828358596
2015.44364343913	3923.32828358596
2015.52963319348	3923.32828358596
2015.61562294783	3923.32828358596
2015.70161270218	3923.32828358596
2015.78760245652	3923.32828358596
2015.87359221087	3923.32828358596
2015.95958196522	3923.32828358596
2016.04557171957	3923.32828358596
2016.13156147391	3923.32828358596
2016.21755122826	3923.32828358596
2016.30354098261	3923.32828358596
2016.38953073696	3923.32828358596
2016.4755204913	3923.32828358596
2016.56151024565	3923.32828358596
2016.6475	3923.32828358596
