time	distance
1999.58825923477	0
1999.6735554386	1.36746670924396
1999.75885164242	3.06996680003669
1999.84414784625	5.45259940372444
1999.92944405007	10.7392479614817
2000.0147402539	23.4108720425662
2000.10003645773	33.9020852812644
2000.18533266155	52.0685472505515
2000.27062886538	69.9592797737865
2000.35592506921	83.396066804955
2000.44122127303	98.7166646487718
2000.52651747686	109.025168538751
2000.61181368068	117.590203075556
2000.69710988451	124.679079151171
2000.78240608834	131.788425773796
2000.86770229216	139.07171391078
2000.95299849599	148.641929387721
2001.03829469981	159.935468493496
2001.12359090364	172.357226277831
2001.20888710747	189.568105065398
2001.29418331129	211.600503425658
2001.37947951512	236.373523213421
2001.46477571895	262.473690369775
2001.55007192277	289.568033502136
2001.6353681266	317.59670264407
2001.72066433042	343.176824528313
2001.80596053425	372.963258166995
2001.89125673808	407.698409531513
2001.9765529419	442.758408342983
2002.06184914573	468.834267735081
2002.14714534955	492.321013063278
2002.23244155338	521.044393822495
2002.31773775721	554.637959831636
2002.40303396103	590.461847908934
2002.48833016486	630.487865196609
2002.57362636869	672.983874642677
2002.65892257251	717.771906955315
2002.74421877634	767.099415039647
2002.82951498016	818.338634300988
2002.91481118399	866.871982369544
2003.00010738782	916.973690250552
2003.08540359164	970.970725880468
2003.17069979547	1021.94521435484
2003.25599599929	1075.31028043925
2003.34129220312	1135.39281359389
2003.42658840695	1204.17232837463
2003.51188461077	1284.66236466629
2003.5971808146	1376.65970300099
2003.68247701843	1475.06006185756
2003.76777322225	1587.90375410988
2003.85306942608	1709.77835502737
2003.9383656299	1834.7130214822
2004.02366183373	1959.89326114092
2004.10895803756	2085.44548240784
2004.19425424138	2211.77518843905
2004.27955044521	2339.16266926811
2004.36484664903	2469.05439104844
2004.45014285286	2608.70238242668
2004.53543905669	2773.49672532822
2004.62073526051	2952.17818696731
2004.70603146434	3055.67508508258
2004.79132766817	3134.68020409333
2004.87662387199	3233.67888913681
2004.96192007582	3234.53764644362
2005.04721627964	3234.96185797879
2005.13251248347	3235.34171705137
2005.2178086873	3235.76900489536
2005.30310489112	3236.23198964407
2005.38840109495	3236.70230184958
2005.47369729877	3237.17278517542
2005.5589935026	3237.86427031501
2005.64428970643	3238.58346534389
2005.72958591025	3240.78307094933
2005.81488211408	3241.26662718504
2005.9001783179	3241.79303603113
2005.98547452173	3242.22956508354
2006.07077072556	3242.68431479897
2006.15606692938	3243.16684337476
2006.24136313321	3243.66295452074
2006.32665933704	3244.18694685769
2006.41195554086	3244.7323131331
2006.49725174469	3245.28662770116
2006.58254794851	3245.90809749954
2006.66784415234	3246.54045002753
2006.75314035617	3247.1995981034
2006.83843655999	3247.80277444201
2006.92373276382	3248.40599797853
2007.00902896765	3249.03989697856
2007.09432517147	3249.70427987803
2007.1796213753	3250.48355859125
2007.26491757912	3251.3600751194
2007.35021378295	3252.32532526634
2007.43550998678	3253.32697110176
2007.5208061906	3254.40111023482
2007.60610239443	3255.61412208491
2007.69139859825	3256.83782014274
2007.77669480208	3258.08239539184
2007.86199100591	3259.38158843696
2007.94728720973	3260.79778000581
2008.03258341356	3262.26905748652
2008.11787961738	3263.77177770499
2008.20317582121	3265.36055404718
2008.28847202504	3267.02772993332
2008.37376822886	3268.93968463754
2008.45906443269	3270.98057414109
2008.54436063652	3273.11765742028
2008.62965684034	3275.45924737792
2008.71495304417	3280.56786007858
2008.80024924799	3287.24360414096
2008.88554545182	3355.44291427807
2008.97084165565	3356.93551250133
2009.05613785947	3358.42814020423
2009.1414340633	3359.98758759847
2009.22673026713	3361.59080008987
2009.31202647095	3363.28117936413
2009.39732267478	3365.05851672992
2009.4826188786	3366.9939453676
2009.56791508243	3368.92937651243
2009.65321128626	3370.86480774384
2009.73850749008	3372.80023665462
2009.82380369391	3374.73566085079
2009.90909989773	3376.69733890541
2009.99439610156	3378.78206945353
2010.07969230539	3380.93483969599
2010.16498850921	3383.15369306974
2010.25028471304	3385.43731329938
2010.33558091686	3387.73976157466
2010.42087712069	3390.04220753494
2010.50617332452	3392.48354180248
2010.59146952834	3395.22919811607
2010.67676573217	3398.1127408572
2010.762061936	3401.61808570497
2010.84735813982	3405.97937460119
2010.93265434365	3411.79783930214
2011.01795054747	3420.14248455499
2011.1032467513	3431.85258632785
2011.18854295513	3445.96169193701
2011.27383915895	3462.85349287133
2011.35913536278	3483.84074153043
2011.4444315666	3509.79975034718
2011.52972777043	3540.16078291906
2011.61502397426	3573.58963106509
2011.70032017808	3609.75670863133
2011.78561638191	3647.2327670704
2011.87091258574	3684.87017214239
2011.95620878956	3722.43429079064
2012.04150499339	3759.81908646405
2012.12680119721	3797.27038153714
2012.21209740104	3834.88488339329
2012.29739360487	3872.44836861167
2012.38268980869	3910.13288681426
2012.46798601252	3947.96736196719
2012.55328221634	3985.74880828201
2012.63857842017	3985.74880828201
2012.723874624	3985.74880828201
2012.80917082782	3985.74880828201
2012.89446703165	3985.74880828201
2012.97976323548	3985.74880828201
2013.0650594393	3985.74880828201
2013.15035564313	3985.74880828201
2013.23565184695	3985.74880828201
2013.32094805078	3985.74880828201
2013.40624425461	3985.74880828201
2013.49154045843	3985.74880828201
2013.57683666226	3985.74880828201
2013.66213286608	3985.74880828201
2013.74742906991	3985.74880828201
2013.83272527374	3985.74880828201
2013.91802147756	3985.74880828201
2014.00331768139	3985.74880828201
2014.08861388522	3985.74880828201
2014.17391008904	3985.74880828201
2014.25920629287	3985.74880828201
2014.34450249669	3985.74880828201
2014.42979870052	3985.74880828201
2014.51509490435	3985.74880828201
2014.60039110817	3985.74880828201
2014.685687312	3985.74880828201
2014.77098351582	3985.74880828201
2014.85627971965	3985.74880828201
2014.94157592348	3985.74880828201
2015.0268721273	3985.74880828201
2015.11216833113	3985.74880828201
2015.19746453496	3985.74880828201
2015.28276073878	3985.74880828201
2015.36805694261	3985.74880828201
2015.45335314643	3985.74880828201
2015.53864935026	3985.74880828201
2015.62394555409	3985.74880828201
2015.70924175791	3985.74880828201
2015.79453796174	3985.74880828201
2015.87983416556	3985.74880828201
2015.96513036939	3985.74880828201
2016.05042657322	3985.74880828201
2016.13572277704	3985.74880828201
2016.22101898087	3985.74880828201
2016.3063151847	3985.74880828201
2016.39161138852	3985.74880828201
2016.47690759235	3985.74880828201
2016.56220379617	3985.74880828201
2016.6475	3985.74880828201
