time	distance
1997.32098142353	0
1997.41761401641	0.288240851286824
1997.51424660929	0.318407962117581
1997.61087920218	0.426602446527964
1997.70751179506	1.72978286748468
1997.80414438794	7.00648943472101
1997.90077698082	10.8005441447462
1997.99740957371	14.1531963979892
1998.09404216659	22.9262518187878
1998.19067475947	40.4977669122153
1998.28730735235	73.9989086901804
1998.38393994524	108.198382003299
1998.48057253812	148.006198477121
1998.577205131	181.699472356962
1998.67383772388	216.069391131296
1998.77047031677	242.756591029695
1998.86710290965	269.744513410525
1998.96373550253	305.911362508893
1999.06036809541	344.840109096005
1999.15700068829	391.77538530487
1999.25363328118	446.48901674037
1999.35026587406	507.903725387347
1999.44689846694	569.930876999018
1999.54353105982	636.386993145181
1999.64016365271	706.603278010521
1999.73679624559	790.174409308799
1999.83342883847	878.586561037833
1999.93006143135	967.049460730616
2000.02669402424	1059.0753216075
2000.12332661712	1180.54800419545
2000.21995921	1311.16326203785
2000.31659180288	1489.61498044842
2000.41322439577	1708.83929328426
2000.50985698865	1960.34594095695
2000.60648958153	2249.27824740425
2000.70312217441	2579.15399374116
2000.79975476729	2958.4499792973
2000.89638736018	3437.61156169432
2000.99301995306	3904.99831454726
2001.08965254594	3904.99831454726
2001.18628513882	3904.99831454726
2001.28291773171	3904.99831454726
2001.37955032459	3904.99831454726
2001.47618291747	3904.99831454726
2001.57281551035	3904.99831454726
2001.66944810324	3904.99831454726
2001.76608069612	3904.99831454726
2001.862713289	3904.99831454726
2001.95934588188	3904.99831454726
2002.05597847477	3904.99831454726
2002.15261106765	3904.99831454726
2002.24924366053	3904.99831454726
2002.34587625341	3904.99831454726
2002.44250884629	3904.99831454726
2002.53914143918	3904.99831454726
2002.63577403206	3904.99831454726
2002.73240662494	3905.98911741256
2002.82903921782	3906.61580538627
2002.92567181071	3906.61580538627
2003.02230440359	3906.61580538627
2003.11893699647	3906.61580538627
2003.21556958935	3906.61580538627
2003.31220218224	3906.61580538627
2003.40883477512	3906.61580538627
2003.505467368	3906.61580538627
2003.60209996088	3906.61580538627
2003.69873255377	3906.61580538627
2003.79536514665	3906.61580538627
2003.89199773953	3906.61580538627
2003.98863033241	3906.61580538627
2004.08526292529	3906.61580538627
2004.18189551818	3906.61580538627
2004.27852811106	3906.61580538627
2004.37516070394	3906.61580538627
2004.47179329682	3906.61580538627
2004.56842588971	3906.61580538627
2004.66505848259	3906.61580538627
2004.76169107547	3906.61580538627
2004.85832366835	3906.61580538627
2004.95495626124	3906.61580538627
2005.05158885412	3906.61580538627
2005.148221447	3906.61580538627
2005.24485403988	3906.61580538627
2005.34148663277	3906.61580538627
2005.43811922565	3906.61580538627
2005.53475181853	3906.61580538627
2005.63138441141	3906.71405731587
2005.72801700429	3907.45802581277
2005.82464959718	3908.20659722131
2005.92128219006	3908.9595826766
2006.01791478294	3909.71680347552
2006.11454737582	3910.47809036597
2006.21117996871	3911.24328288891
2006.30781256159	3912.01222876944
2006.40444515447	3912.78478335326
2006.50107774735	3913.20939170239
2006.59771034024	3913.20939170239
2006.69434293312	3914.35880140797
2006.790975526	3929.91545437965
2006.88760811888	3988.22384713917
2006.98424071176	4063.04352887583
2007.08087330465	4063.04352887583
2007.17750589753	4063.05475860484
2007.27413849041	4063.71413058884
2007.37077108329	4064.37272047353
2007.46740367618	4065.03050387167
2007.56403626906	4065.6874563595
2007.66066886194	4066.34355345766
2007.75730145482	4066.99877061326
2007.85393404771	4067.65308318318
2007.95056664059	4068.30646641823
2008.04719923347	4068.61002893645
2008.14383182635	4068.61002893645
2008.24046441924	4068.61002893645
2008.33709701212	4068.61002893645
2008.433729605	4068.61002893645
2008.53036219788	4068.61002893645
2008.62699479076	4068.61002893645
2008.72362738365	4068.61002893645
2008.82025997653	4068.61002893645
2008.91689256941	4068.61002893645
2009.01352516229	4068.61002893645
2009.11015775518	4068.61002893645
2009.20679034806	4068.61002893645
2009.30342294094	4068.61002893645
2009.40005553382	4068.61002893645
2009.49668812671	4068.61002893645
2009.59332071959	4068.61002893645
2009.68995331247	4068.61002893645
2009.78658590535	4068.61002893645
2009.88321849824	4068.61002893645
2009.97985109112	4068.61002893645
2010.076483684	4068.61002893645
2010.17311627688	4068.61002893645
2010.26974886976	4068.61002893645
2010.36638146265	4068.61002893645
2010.46301405553	4068.61002893645
2010.55964664841	4068.61002893645
2010.65627924129	4068.61002893645
2010.75291183418	4068.61002893645
2010.84954442706	4068.61002893645
2010.94617701994	4068.61002893645
2011.04280961282	4068.61002893645
2011.13944220571	4068.61002893645
2011.23607479859	4068.61002893645
2011.33270739147	4068.61002893645
2011.42933998435	4068.61002893645
2011.52597257724	4068.61002893645
2011.62260517012	4068.61002893645
2011.719237763	4068.61002893645
2011.81587035588	4068.61002893645
2011.91250294876	4068.61002893645
2012.00913554165	4068.61002893645
2012.10576813453	4068.61002893645
2012.20240072741	4068.61002893645
2012.29903332029	4068.61002893645
2012.39566591318	4068.61002893645
2012.49229850606	4068.61002893645
2012.58893109894	4068.61002893645
2012.68556369182	4068.61002893645
2012.78219628471	4068.61002893645
2012.87882887759	4068.61002893645
2012.97546147047	4068.61002893645
2013.07209406335	4068.61002893645
2013.16872665624	4068.61002893645
2013.26535924912	4068.61002893645
2013.361991842	4068.61002893645
2013.45862443488	4068.61002893645
2013.55525702776	4068.61002893645
2013.65188962065	4068.61002893645
2013.74852221353	4068.61002893645
2013.84515480641	4068.61002893645
2013.94178739929	4068.61002893645
2014.03841999218	4068.61002893645
2014.13505258506	4068.61002893645
2014.23168517794	4068.61002893645
2014.32831777082	4068.61002893645
2014.42495036371	4068.61002893645
2014.52158295659	4068.61002893645
2014.61821554947	4068.61002893645
2014.71484814235	4068.61002893645
2014.81148073524	4068.61002893645
2014.90811332812	4068.61002893645
2015.004745921	4068.61002893645
2015.10137851388	4068.61002893645
2015.19801110676	4068.61002893645
2015.29464369965	4068.61002893645
2015.39127629253	4068.61002893645
2015.48790888541	4068.61002893645
2015.58454147829	4068.61002893645
2015.68117407118	4068.61002893645
2015.77780666406	4068.61002893645
2015.87443925694	4068.61002893645
2015.97107184982	4068.61002893645
2016.06770444271	4068.61002893645
2016.16433703559	4068.61002893645
2016.26096962847	4068.61002893645
2016.35760222135	4068.61002893645
2016.45423481424	4068.61002893645
2016.55086740712	4068.61002893645
2016.6475	4068.61002893645
