time	95%HPD_lower_value	95%HPD_higher_value
1998.71369600734	74.7506690821688	1663.46219178516
1998.80358976169	65.7746715464631	1419.52307084203
1998.89348351604	74.7213745554225	1395.39726362636
1998.98337727039	74.7066981002818	1833.51628973471
1999.07327102474	74.6920022489475	4798.92039803103
1999.16316477909	74.6772869792654	3358.90790496016
1999.25305853344	74.6625522732077	2646.1879629376
1999.34295228779	74.6477981113337	3056.44019785254
1999.43284604214	74.6330244748082	3056.4512476131
1999.52273979649	74.618231344395	3056.46224377306
1999.61263355084	136.486832426761	3056.47318647702
1999.70252730519	124.512024935275	3056.48407586985
1999.79242105953	94.1590953614612	2759.52718307757
1999.88231481388	31.7373695650145	2759.52716586206
1999.97220856823	21.8296952058344	2759.52714473263
2000.06210232258	21.8299735770476	1938.69701724395
2000.15199607693	16.455213881016	1494.68431913529
2000.24188983128	16.4554241321385	1210.82128457686
2000.33178358563	7.1507943654524	609.253777678006
2000.42167733998	16.4761588760977	572.299365378052
2000.51157109433	28.748021480685	806.653108755978
2000.60146484868	28.7483094685145	771.938630443507
2000.69135860303	28.7485968354164	915.959307041899
2000.78125235738	53.1493224191286	997.621427557263
2000.87114611172	122.392798174798	1346.80652824156
2000.96103986607	232.541251717801	1338.53091605085
2001.05093362042	238.342901850185	1257.6785639896
2001.14082737477	145.449520132167	1217.97092932894
2001.23072112912	219.203544813917	1102.63902959553
2001.32061488347	237.587116863219	1152.82026649148
2001.41050863782	251.098161742488	1181.28338603467
2001.50040239217	468.970845742872	2145.3480360758
2001.59029614652	465.361799770454	1852.63035515639
2001.68018990087	588.325811273342	1723.97725329095
2001.77008365522	592.220096667354	1612.40859773105
2001.85997740956	564.633232651174	1456.89220913618
2001.94987116391	555.637515686754	1372.58877831541
2002.03976491826	547.797291206912	1371.59113596088
2002.12965867261	546.642759288649	1364.54088003752
2002.21955242696	550.375340436801	1362.00760454435
2002.30944618131	550.668192488331	1352.67047464947
2002.39933993566	526.325565985043	1376.64539295964
2002.48923369001	448.038523099176	1128.32639190483
2002.57912744436	370.799039486257	970.37839509223
2002.66902119871	380.799713062401	1002.67547214606
2002.75891495306	355.732198106827	1062.02645934993
2002.84880870741	381.258757655072	891.333883315422
2002.93870246175	388.011047242797	891.362513900567
2003.0285962161	385.677573816765	944.563656461438
2003.11848997045	393.721847283606	944.484073990463
2003.2083837248	394.324736226179	944.388665791617
2003.29827747915	392.598050042592	953.17044699063
2003.3881712335	374.884585200818	813.053343339907
2003.47806498785	309.565038253158	774.2070513319
2003.5679587422	291.131998342103	741.80607945627
2003.65785249655	240.902422828953	765.121360229517
2003.7477462509	286.473135032856	685.149403985664
2003.83764000525	286.632927504667	692.459908998453
2003.9275337596	287.342195364201	654.246398245666
2004.01742751394	284.774593695741	653.198048006816
2004.10732126829	284.87418800892	653.196138765217
2004.19721502264	285.859127128613	651.453841560969
2004.28710877699	287.637795378663	650.923565611403
2004.37700253134	288.587031477265	663.977802079668
2004.46689628569	281.562991119516	596.853350543226
2004.55679004004	294.233887739399	534.581233057952
2004.64668379439	287.906544808288	505.083151126604
2004.73657754874	187.70109369106	326.198724104986
2004.82647130309	188.229774057645	315.617722282314
2004.91636505744	193.379414108182	313.386588237817
2005.00625881179	191.44973646215	317.785593442156
2005.09615256613	188.907617232416	312.492050011606
2005.18604632048	183.853331641197	308.502426893155
2005.27594007483	160.310146156077	262.770847621384
2005.36583382918	158.121063471502	277.073482317006
2005.45572758353	153.105565640686	287.162708797845
2005.54562133788	150.192385674355	292.990580450404
2005.63551509223	163.800598051219	322.830697563745
2005.72540884658	122.278719002242	282.613855766095
2005.81530260093	145.504436477673	353.278955705965
2005.90519635528	143.10975299198	349.450150831602
2005.99509010963	132.772031646763	370.305525410256
2006.08498386397	136.491342808197	390.982771901877
2006.17487761832	143.103868339557	388.564933827337
2006.26477137267	145.294059957176	398.651085278916
2006.35466512702	130.825451869321	418.822167421412
2006.44455888137	126.035493394409	398.898168909343
2006.53445263572	123.141677142426	404.520646567887
2006.62434639007	134.45662368745	411.158981911644
2006.71424014442	129.778146821564	426.366567130573
2006.80413389877	105.457122866063	375.431345815223
2006.89402765312	110.27828105921	305.500629201451
2006.98392140747	105.261616774993	308.467856533565
2007.07381516182	91.210312625219	217.241031980072
2007.16370891616	110.556818071555	245.774810392114
2007.25360267051	90.9339644227505	272.951832829722
2007.34349642486	84.737385724457	373.826792443166
2007.43339017921	171.999386035671	996.434739263247
2007.52328393356	197.39420086859	1107.71222638425
2007.61317768791	161.843579468512	1129.25944156847
2007.70307144226	171.45919210599	1129.24123301695
2007.79296519661	199.14132960504	1121.91007995364
2007.88285895096	192.970968604021	1121.8920477934
2007.97275270531	196.809435339348	1098.69707207268
2008.06264645966	205.339116124512	1052.90542057617
2008.15254021401	213.129633321415	1072.56664963405
2008.24243396835	162.452917891099	979.326068332925
2008.3323277227	178.065976498479	947.237911041166
2008.42222147705	126.462295541255	507.009207551182
2008.5121152314	146.39796765398	496.805847950142
2008.60200898575	144.859177332091	477.396128951189
2008.6919027401	130.085519057281	477.397824395768
2008.78179649445	107.625436893068	476.119145980663
2008.8716902488	115.456469630339	822.390833843685
2008.96158400315	115.452411349631	742.740270229501
2009.0514777575	113.603142163519	859.007308746252
2009.14137151185	131.299440798757	338.602295264488
2009.2312652662	122.850844503191	338.699466124864
2009.32115902054	71.8765393817301	323.838937383711
2009.41105277489	74.8504117072607	384.94835452805
2009.50094652924	82.4693787500442	369.842083974259
2009.59084028359	80.2663496767235	322.056171309479
2009.68073403794	78.5898973066253	384.526772593109
2009.77062779229	84.6342271677005	336.424533254834
2009.86052154664	84.6323259090805	341.496252103044
2009.95041530099	84.7904166585007	397.348853278978
2010.04030905534	83.1590278429119	580.988728090269
2010.13020280969	83.1669476410155	634.897060086712
2010.22009656404	97.2864244611056	646.574993564691
2010.30999031838	113.113273732474	702.875131156373
2010.39988407273	124.486051521246	656.566830797178
2010.48977782708	127.128885862101	724.795509430986
2010.57967158143	119.159025410796	714.994364257051
2010.66956533578	109.815384511353	715.022635239231
2010.75945909013	161.847969008092	801.815501020927
2010.84935284448	171.645551394343	808.761579681181
2010.93924659883	178.003818048816	769.980938947445
2011.02914035318	177.927634818303	781.208890306297
2011.11903410753	155.848404694187	771.090237118482
2011.20892786188	152.328179748501	779.016672002899
2011.29882161623	165.026374941474	672.92696739151
2011.38871537057	128.636397714671	735.47426830334
2011.47860912492	166.53803012237	607.725757178043
2011.56850287927	151.152063904405	539.727002798358
2011.65839663362	147.12186228228	430.469068246453
2011.74829038797	168.21945481256	415.871508161902
2011.83818414232	133.587372788161	432.433877521658
2011.92807789667	156.624850118428	455.539791177635
2012.01797165102	125.639305406313	436.339109222063
2012.10786540537	147.861524506018	505.53439906549
2012.19775915972	124.119128990198	490.760114437895
2012.28765291407	141.390978707947	502.715791353868
2012.37754666842	127.530733089951	516.13046928754
2012.46744042276	108.775172356724	459.718518596515
2012.55733417711	117.95166421615	477.212860460098
2012.64722793146	107.574243099241	477.231779181495
2012.73712168581	101.892753953255	477.250564026237
2012.82701544016	95.8735892689603	452.566480539793
2012.91690919451	91.6833435666843	300.857237023054
2013.00680294886	118.265265546326	300.868188577857
2013.09669670321	109.633370414556	285.651845742402
2013.18659045756	104.239455424165	251.400910601584
2013.27648421191	71.175778697959	183.957433925861
2013.36637796626	71.6352288249935	164.159996605592
2013.45627172061	59.4951880524121	151.047572198807
2013.54616547495	56.594974227024	150.164071309111
2013.6360592293	58.7046199240691	150.128967007311
2013.72595298365	56.6100871253578	141.718847187845
2013.815846738	58.711965895764	140.943408228915
2013.90574049235	58.7156244824127	140.817388215054
2013.9956342467	58.7192734772008	140.69025842845
2014.08552800105	56.6398317676604	136.256210667688
2014.1754217554	57.1335216570217	139.879313119675
2014.26531550975	54.6885123726621	123.526295036221
2014.3552092641	32.7428847574159	69.821657186287
2014.44510301845	37.073258752766	69.5162357279743
2014.5349967728	40.0899612592906	79.2137669196943
2014.62489052714	40.0904934525019	79.2236668664497
2014.71478428149	40.0910241503848	79.2335396043258
2014.80467803584	40.0915533523713	79.2433851681908
2014.89457179019	40.092081059489	79.2532035918375
2014.98446554454	40.0926072709682	79.2629949098997
2015.07435929889	40.0931319859453	79.2727591559249
2015.16425305324	41.508690310584	80.0228314516422
2015.25414680759	49.0483599730684	99.9365630226645
2015.34404056194	48.4102331651522	108.635908875658
2015.43393431629	23.6639050142091	82.374760404549
2015.52382807064	17.7678610762061	79.1310100363899
2015.61372182498	17.767619170029	79.1138644196564
2015.70361557933	17.7673771414747	79.0966894992616
2015.79350933368	17.7671349887799	79.0794852410279
2015.88340308803	17.7668927154833	79.0622516108171
2015.97329684238	17.7666503183625	79.0449885741686
2016.06319059673	17.766407799999	79.0276960971623
2016.15308435108	30.1771948682214	91.2038831613318
2016.24297810543	18.0495365860292	78.3886963715898
2016.33287185978	18.0489592439141	78.3802064269252
2016.42276561413	14.4465851390523	127.881409821051
2016.51265936848	10.116792518728	202.745453374537
2016.60255312283	10.1169013874746	202.709969673795
