time	95%HPD_lower_value	95%HPD_higher_value
1997.36929771989	49.4975751494143	580.101407388939
1997.46593031277	49.5040513570984	954.052109163254
1997.56256290566	49.5105213434206	1381.44996942275
1997.65919549854	25.4758858034904	1780.90222687057
1997.75582809142	65.6637428331425	1411.56398739298
1997.8524606843	105.451360382292	2454.71439957242
1997.94909327719	90.220375551114	2129.85672100579
1998.04572587007	221.50645505194	1836.5591137191
1998.14235846295	231.638713244714	1637.93101795143
1998.23899105584	216.60571824285	1638.10710378942
1998.33562364872	204.51782539179	1638.27985716473
1998.4322562416	204.76021415962	1638.44932623582
1998.52888883448	204.997888047779	1638.61553924369
1998.62552142737	209.973561182023	1638.7785170767
1998.72215402025	93.2748659414258	1638.93835065222
1998.81878661313	131.92310194231	1629.06427712155
1998.91541920602	38.4023439611434	1156.61334026873
1999.0120517989	38.4026417222256	1084.8008769632
1999.10868439178	39.2946352003273	1084.71806137908
1999.20531698466	138.663949579342	897.83822341282
1999.30194957755	150.229415577481	688.905713266248
1999.39858217043	168.188494571607	813.828495561839
1999.49521476331	208.810046881285	730.136483478511
1999.59184735619	264.786929549045	904.286628961835
1999.68847994908	236.374012394969	724.743418335839
1999.78511254196	279.281084881852	731.859515468292
1999.88174513484	258.424826269987	732.361746983295
1999.97837772773	269.446571281095	709.126300356926
2000.07501032061	232.575547571076	725.543833255677
2000.17164291349	223.525630690647	769.261620064314
2000.26827550637	345.399709555657	1171.59189802311
2000.36490809926	376.683145703652	1450.00324446571
2000.46154069214	430.552465893456	1404.26464044358
2000.55817328502	445.218028620404	1320.71005886269
2000.6548058779	443.611817713473	1169.32405468748
2000.75143847079	432.658179606727	1123.63966826379
2000.84807106367	432.86521059194	1121.14568235165
2000.94470365655	432.423317932228	1123.44337790042
2001.04133624944	426.47966916186	1102.97208623018
2001.13796884232	441.94521472253	1113.40333338982
2001.2346014352	419.35368774761	1111.99681745363
2001.33123402808	424.212084624915	834.744698255961
2001.42786662097	363.453529170368	827.450511563068
2001.52449921385	352.092112530247	802.530054773071
2001.62113180673	327.294285524484	706.406460029332
2001.71776439961	340.026247544777	741.171053253732
2001.8143969925	339.802012869665	771.273138323339
2001.91102958538	346.09428289529	778.877432332781
2002.00766217826	348.595569895663	780.302951718709
2002.10429477115	346.695046736628	775.368538655522
2002.20092736403	368.756792844587	759.237383696037
2002.29755995691	345.541255095923	687.291626484233
2002.39419254979	346.31190576047	674.54618966916
2002.49082514268	313.390733846792	687.735742536188
2002.58745773556	300.406427487502	649.45445477776
2002.68409032844	304.489604222113	664.585199722487
2002.78072292133	307.850578827513	669.642426832783
2002.87735551421	308.716054337473	672.251612982087
2002.97398810709	305.763598131374	671.246065063798
2003.07062069997	309.622361527409	668.415791184546
2003.16725329286	302.439854782491	671.665942121318
2003.26388588574	264.982425532519	510.942642116799
2003.36051847862	249.815016935311	473.049431833073
2003.4571510715	240.35347540716	431.06132513234
2003.55378366439	186.346558345989	294.014929615461
2003.65041625727	186.987818340816	293.831760102086
2003.74704885015	189.822443124491	298.682068699196
2003.84368144304	190.612579073837	296.751980911193
2003.94031403592	191.117865748834	294.693353192718
2004.0369466288	175.706227744079	279.914021640317
2004.13357922168	168.369540365712	276.860751560626
2004.23021181457	166.687507710557	285.591745644287
2004.32684440745	172.467110420089	299.5087085621
2004.42347700033	170.239805139795	324.291150400243
2004.52010959321	145.877614489844	282.770645589229
2004.6167421861	152.278837289371	301.858689831481
2004.71337477898	160.396288239232	326.716961534921
2004.81000737186	169.143824057675	346.373407939494
2004.90663996475	173.712915714544	347.006145884056
2005.00327255763	164.300424548717	347.012136269365
2005.09990515051	154.530560962761	348.890294172187
2005.19653774339	179.078260357272	367.18848621965
2005.29317033628	178.759875797597	368.19999476508
2005.38980292916	179.581409578897	366.530850726051
2005.48643552204	168.139671420057	372.418845439591
2005.58306811493	168.820437297151	398.710146425834
2005.67970070781	158.761168850782	363.406478028365
2005.77633330069	163.7225500823	371.753838843222
2005.87296589357	161.628733783063	362.69386800516
2005.96959848646	158.756729878488	339.645981678591
2006.06623107934	190.296094448134	397.261469516886
2006.16286367222	165.1121113536	423.580449818709
2006.2594962651	165.709193680671	490.151602941586
2006.35612885799	170.045209698399	531.883133766904
2006.45276145087	196.85108832156	944.269681100565
2006.54939404375	191.975176266686	1733.28306258547
2006.64602663664	200.801031007114	1775.80161651429
2006.74265922952	204.367014149216	1805.51352118544
2006.8392918224	189.831473526948	1509.82123317894
2006.93592441528	197.457774470511	1198.89749954523
2007.03255700817	189.230483872725	1197.06781569998
2007.12918960105	186.926188834042	1169.06442606248
2007.22582219393	179.374316509245	1244.76569074665
2007.32245478681	178.569854983621	1236.91308759766
2007.4190873797	176.499487920222	1107.68533587719
2007.51571997258	142.959222057664	464.739518716849
2007.61235256546	153.533528958224	413.535543574326
2007.70898515835	148.441131036731	403.024229241443
2007.80561775123	136.123968498468	401.511809605895
2007.90225034411	135.536281320544	380.535714573536
2007.99888293699	136.410771318221	371.076228920625
2008.09551552988	120.726238274861	390.311534075781
2008.19214812276	128.571074292554	434.724476965986
2008.28878071564	103.22383301319	512.166314395958
2008.38541330852	103.880715706953	297.166218266891
2008.48204590141	99.9787592913746	312.676185209036
2008.57867849429	115.572512973022	306.591339215214
2008.67531108717	123.839544418567	309.386881590739
2008.77194368006	143.245044015443	376.991704697324
2008.86857627294	130.938890807831	388.850488178756
2008.96520886582	141.070206776499	429.063328211561
2009.0618414587	149.012633011518	531.793313328821
2009.15847405159	142.697648515358	534.563081166023
2009.25510664447	132.643964344607	593.142052095631
2009.35173923735	190.630868749539	740.062139030444
2009.44837183023	201.360739554318	708.804987817895
2009.54500442312	167.540256803331	710.375542561633
2009.641637016	185.841409553078	677.242720239784
2009.73826960888	192.352562535607	683.181659016556
2009.83490220177	185.546752082026	653.4571445979
2009.93153479465	206.311915323093	663.428349180266
2010.02816738753	208.667910859147	644.163190325052
2010.12479998041	213.351470853666	669.646570678802
2010.2214325733	227.188615503289	735.178354865065
2010.31806516618	169.132673482439	690.798333652155
2010.41469775906	218.098687307272	657.349082509936
2010.51133035195	183.2934235613	609.440905916159
2010.60796294483	167.690948210754	560.754489032733
2010.70459553771	159.026774169674	515.557817930233
2010.80122813059	205.195974218214	467.937738668872
2010.89786072348	193.655975934323	465.201797525073
2010.99449331636	197.485452266709	473.556712071171
2011.09112590924	198.475757599413	448.181103389321
2011.18775850212	178.498245635258	443.405948819028
2011.28439109501	154.051464829848	426.366531211718
2011.38102368789	129.955257340837	380.030770974263
2011.47765628077	128.997033183175	366.191011843834
2011.57428887366	103.663511497216	366.086017985488
2011.67092146654	87.8644774223576	349.17849073956
2011.76755405942	76.453934920264	337.221362491043
2011.8641866523	76.971820745399	341.489276970111
2011.96081924519	113.865902250012	345.995005107815
2012.05745183807	141.620777472789	345.699881575798
2012.15408443095	156.811729209022	336.157304361742
2012.25071702383	151.608375147362	333.51613482842
2012.34734961672	153.927525875769	360.380062937086
2012.4439822096	153.935852450529	363.172755723778
2012.54061480248	153.942733870499	364.560361955548
2012.63724739537	161.375521405837	373.990615942262
2012.73387998825	160.884859748861	374.275690124785
2012.83051258113	156.833080618015	372.826349640784
2012.92714517401	158.865739635849	380.00416648545
2013.0237777669	118.082649320406	297.689094337182
2013.12041035978	74.9947481756734	233.614094731858
2013.21704295266	36.748549084257	101.215930954654
2013.31367554555	34.7308231410191	56.6362000497282
2013.41030813843	34.7312434885012	56.6389656731994
2013.50694073131	34.7316603357735	56.6417159297897
2013.60357332419	34.7320736830116	56.6444508310452
2013.70020591708	34.7324835308515	56.6471703886565
2013.79683850996	34.7328898787259	56.6498746150971
2013.89347110284	34.7332927336474	56.6525635225793
2013.99010369572	38.2166547366514	60.3046311171806
2014.08673628861	41.2023868794812	64.2178914184767
2014.18336888149	36.2332443775639	63.5061043638422
2014.28000147437	64.1243816352876	103.872763664856
2014.37663406726	64.1408377230572	103.915365840123
2014.47326666014	64.1572244820076	103.957737466678
2014.56989925302	59.3913782512089	101.017100127241
2014.6665318459	59.4037600749737	101.038928209996
2014.76316443879	61.549794700155	109.129032275656
2014.85979703167	59.4283802524908	109.110391832887
2014.95642962455	95.6956150467667	169.473989429113
2015.05306221743	102.293954824863	197.421206612217
2015.14969481032	89.6661182137427	181.438922343525
2015.2463274032	70.9245977946398	198.247353815891
2015.34295999608	70.9375700777506	198.262798446209
2015.43959258897	70.950475476634	198.278141082292
2015.53622518185	71.6697282636542	198.293381857685
2015.63285777473	71.6702064245741	198.308520899906
2015.72949036761	71.6706802630474	198.323558336829
2015.8261229605	74.8051287605408	198.338494298183
2015.92275555338	74.8218258587338	198.353328884103
2016.01938814626	16.6313152113137	149.356678409031
2016.11602073914	8.57554541346996	156.249488408347
2016.21265333203	2.63590454620861	366.898700275304
2016.30928592491	2.63590268658833	367.027546409082
2016.40591851779	2.63590083104121	367.155544340286
2016.50255111068	2.63589897367966	367.282695457289
2016.59918370356	2.63589712099407	367.409001126687
