time	velocity	number_of_branches
1997.7142110862	662.56589785114	4.28
1997.80911479003	699.315576259093	8.68
1997.90401849386	846.081494695141	15.04
1997.99892219769	953.94212857868	20.3
1998.09382590152	872.42174623292	24.58
1998.18872960535	793.93370228834	27.92
1998.28363330918	800.230362673012	30.54
1998.378537013	789.711136479838	31.48
1998.47344071683	779.988872497038	32.06
1998.56834442066	769.892929051355	32.6
1998.66324812449	728.052313455177	33
1998.75815182832	711.897265434089	33.46
1998.85305553215	617.93834641408	30.8
1998.94795923598	462.4591651568	26.68
1999.0428629398	348.496438872219	22.63
1999.13776664363	345.913849818808	20.2
1999.23267034746	409.665975391639	21.72
1999.32757405129	342.211162625521	25.78
1999.42247775512	343.69006812811	33.39
1999.51738145895	385.831081683945	41.11
1999.61228516278	392.701312343809	46.72
1999.7071888666	398.03694720205	52.23
1999.80209257043	399.534036807251	55.96
1999.89699627426	399.562870607392	59.23
1999.99189997809	423.564483037281	61.66
2000.08680368192	428.453173803871	69.7
2000.18170738575	455.554572223251	81.64
2000.27661108958	722.138395559502	129
2000.3715147934	795.857883168407	199.81
2000.46641849723	780.126940556966	255.25
2000.56132220106	773.828386161437	305.52
2000.65622590489	755.643905365022	392.08
2000.75112960872	724.00268758072	418.18
2000.84603331255	713.633088662703	423.82
2000.94093701638	711.421600538747	425.4
2001.0358407202	708.24775459345	425.17
2001.13074442403	698.666903530098	420.96
2001.22564812786	691.341145974494	409.51
2001.32055183169	591.707606614207	371.84
2001.41545553552	562.397371744203	365.58
2001.51035923935	539.932063523238	360.37
2001.60526294317	514.524654758782	322.1
2001.700166647	478.033549732002	276.58
2001.79507035083	478.75424936476	265.03
2001.88997405466	483.625473580521	261.28
2001.98487775849	488.153658272347	260.34
2002.07978146232	489.162042762289	259.88
2002.17468516615	469.446017628355	272.92
2002.26958886997	547.017015655385	351.23
2002.3644925738	538.248801110896	387.44
2002.45939627763	528.204096729598	355.19
2002.55429998146	516.397817558502	334.67
2002.64920368529	510.091345580615	311.87
2002.74410738912	511.742584889302	303.36
2002.83901109295	513.0283998393	301.47
2002.93391479677	512.761860166741	300.27
2003.0288185006	509.61748893447	302.58
2003.12372220443	508.335529836927	307.05
2003.21862590826	508.651676263648	282.03
2003.31352961209	351.009040310404	201.26
2003.40843331592	333.675831459499	197.92
2003.50333701975	262.996119675999	181.17
2003.59824072357	255.21457671886	188.66
2003.6931444274	256.480059097536	191.57
2003.78804813123	255.919236675327	192.4
2003.88295183506	253.283008540739	196.26
2003.97785553889	253.946173675935	201.08
2004.07275924272	227.818813082107	195.61
2004.16766294655	228.484311260863	167.62
2004.26256665037	238.889029286739	144.37
2004.3574703542	240.390505173611	124.41
2004.45237405803	230.276333266313	113.59
2004.54727776186	215.446325216329	109.84
2004.64218146569	250.497381702372	143.46
2004.73708516952	260.301857159785	158.27
2004.83198887335	262.711639418191	163.86
2004.92689257717	263.15759971489	158.37
2005.021796281	261.974746081575	156.84
2005.11669998483	262.698349343222	146.29
2005.21160368866	274.441764956168	153.07
2005.30650739249	274.884861296193	148.69
2005.40141109632	278.206066048921	148.67
2005.49631480015	279.717466022658	146.42
2005.59121850397	269.160702896559	128.15
2005.6861222078	240.613334607005	112.96
2005.78102591163	232.856419154382	105.81
2005.87592961546	237.365009088503	108.04
2005.97083331929	242.026915606216	109.37
2006.06573702312	282.764299100137	102.49
2006.16064072695	328.616148051669	102.51
2006.25554443077	346.544955725324	93.74
2006.3504481346	369.052334664261	90.29
2006.44535183843	490.844457328299	89.01
2006.54025554226	1083.08348289129	88.22
2006.63515924609	1068.18103395865	88.27
2006.73006294992	1036.8552356356	91.56
2006.82496665375	998.73918347656	100.3
2006.91987035757	945.749835351558	114.47
2007.0147740614	862.892122452531	125.34
2007.10967776523	831.666918744035	132.03
2007.20458146906	820.162773408875	124.14
2007.29948517289	783.95608956234	136.96
2007.39438887672	759.135340174253	146.25
2007.48929258054	731.589177906888	149.85
2007.58419628437	244.376394754144	149.45
2007.6790999882	244.698112599926	147.62
2007.77400369203	244.998940804623	141.82
2007.86890739586	239.58502794688	130.94
2007.96381109969	226.362019399442	117.69
2008.05871480352	228.947465790185	107.1
2008.15361850734	200.171094767749	92.4
2008.24852221117	192.621587922562	77.22
2008.343425915	176.042359219298	67.36
2008.43832961883	164.851757674368	59.29
2008.53323332266	148.394037591546	54.28
2008.62813702649	143.288709343134	54.41
2008.72304073032	149.317164075964	58.66
2008.81794443414	198.470873979425	64.37
2008.91284813797	214.111404456031	68.87
2009.0077518418	233.276528471515	73.1
2009.10265554563	261.920653491156	68.61
2009.19755924946	272.773377554369	71.77
2009.29246295329	318.612892698727	72.57
2009.38736665712	325.400602143155	79.02
2009.48227036094	337.678520012133	81.97
2009.57717406477	350.807442026299	82.8
2009.6720777686	358.697458573947	86.62
2009.76698147243	356.372280241123	85.46
2009.86188517626	347.195896008132	87.46
2009.95678888009	344.551313454856	91.02
2010.05169258392	343.998210220874	94.93
2010.14659628774	368.179541310908	97.02
2010.24149999157	383.324469336726	89.04
2010.3364036954	357.314878207171	91.01
2010.43130739923	347.330773186971	94.21
2010.52621110306	320.754478416258	101.99
2010.62111480689	316.564621119524	112.71
2010.71601851072	308.215446211004	119.66
2010.81092221454	292.975074955826	123.23
2010.90582591837	283.405089222888	119.8
2011.0007296222	280.131959781413	115.35
2011.09563332603	267.400855017991	113.02
2011.19053702986	260.153368600244	108.09
2011.28544073369	251.483198499995	101.26
2011.38034443752	235.022449884007	97.72
2011.47524814134	228.75431807847	91.1
2011.57015184517	217.566303086272	78.13
2011.665055549	200.013059818456	65.34
2011.75995925283	190.797796006107	56.36
2011.85486295666	175.49628787676	52.85
2011.94976666049	172.918806043874	51.57
2012.04467036432	213.237034263561	61.43
2012.13957406814	203.774728606143	67.38
2012.23447777197	196.387898096839	61.36
2012.3293814758	196.682743373234	58.81
2012.42428517963	197.920697127346	56.92
2012.51918888346	200.133226861264	55.12
2012.61409258729	200.838774798069	54.18
2012.70899629112	202.031742738829	53.29
2012.80389999494	203.783544915568	52.39
2012.89880369877	205.566716993669	51.62
2012.9937074026	161.09910549627	46.13
2013.08861110643	128.982804313806	35.03
2013.18351481026	72.9937387269623	22
2013.27841851409	46.6503335618314	23
2013.37332221792	46.6515204381701	23
2013.46822592174	46.6526984463862	23
2013.56312962557	46.6538675881393	23
2013.6580333294	46.6550278653245	23
2013.75293703323	46.6561792795773	23
2013.84784073706	46.6573218325913	23
2013.94274444089	45.5584390071585	24
2014.03764814471	50.9049879731877	24
2014.13255184854	47.006707198935	16
2014.22745555237	70.7658771383904	9
2014.3223592562	83.5245571508817	7
2014.41726296003	83.5486720248746	7
2014.51216666386	83.5726656622794	7
2014.60707036769	83.596538340231	7
2014.70197407151	83.6202903345127	7
2014.79687777534	83.6439219189619	7
2014.89178147917	83.6674333537876	7
2014.986685183	139.15890665448	6
2015.08158888683	162.715084661668	5
2015.17649259066	125.310337377089	7
2015.27139629449	105.684811569761	5
2015.36629999831	105.725761439202	5
2015.46120370214	105.766414386303	5
2015.55610740597	105.80677149875	5
2015.6510111098	105.846833851901	5
2015.74591481363	105.886602509661	5
2015.84081851746	105.926078527783	5
2015.93572222129	27.9474714445606	4
2016.03062592511	27.946652737063	4
2016.12552962894	23.2685630324358	2
2016.22043333277	113.870528967933	1
2016.3153370366	113.891470735824	1
2016.41024074043	113.9122618892	1
2016.50514444426	113.932902635033	1
2016.60004814809	113.953393176162	1
