time	velocity	number_of_branches
1997.55878352565	234.247459704672	0
1997.654466315	257.299465666388	0
1997.75014910434	298.055595839075	2
1997.84583189369	269.919505745749	5
1997.94151468303	251.702393238498	12
1998.03719747238	225.416658801779	14
1998.13288026172	183.403159155784	16
1998.22856305107	166.790877561972	16
1998.32424584041	155.098736915707	16
1998.41992862976	146.322759845221	16
1998.5156114191	140.901542680344	18
1998.61129420845	138.35350976456	18
1998.70697699779	134.929815203194	18
1998.80265978714	144.820337354434	18
1998.89834257648	171.77632313001	16
1998.99402536583	182.545425605419	14
1999.08970815517	197.793746361669	13.5
1999.18539094452	220.57738552002	13
1999.28107373386	232.593797546065	15
1999.37675652321	239.969149757289	22
1999.47243931255	252.588500592046	27
1999.5681221019	259.128498560161	33
1999.66380489124	274.107374805866	40
1999.75948768059	278.099011625283	42
1999.85517046994	295.259706676656	42
1999.95085325928	307.581815681437	43.5
2000.04653604863	303.899849802859	47.5
2000.14221883797	317.137144519824	52
2000.23790162732	344.018198776322	69
2000.33358441666	408.426853562096	158
2000.42926720601	442.984185756114	194
2000.52494999535	454.987944200468	217
2000.6206327847	448.531177813618	318
2000.71631557404	432.84665772685	348.5
2000.81199836339	417.973922539215	358
2000.90768115273	408.085627099744	361
2001.00336394208	399.12269629199	362.5
2001.09904673142	392.393172504333	358
2001.19472952077	384.565928692806	353.5
2001.29041231011	386.391636929259	314
2001.38609509946	390.92764691061	301.5
2001.4817778888	393.992856647552	305
2001.57746067815	400.794831146848	299.5
2001.67314346749	428.222168194417	231.5
2001.76882625684	425.153541675157	219
2001.86450904618	415.355259743667	212.5
2001.96019183553	402.823040429377	215
2002.05587462487	381.353518767834	218
2002.15155741422	343.740834208316	226
2002.24724020356	319.933720078998	265
2002.34292299291	304.553068667613	314.5
2002.43860578225	297.953728206271	300.5
2002.5342885716	379.951224453224	275
2002.62997136094	381.41642080121	256.5
2002.72565415029	372.495013331118	250
2002.82133693963	354.156522264892	250
2002.91701972898	339.248879140881	248
2003.01270251832	321.246283041656	249.5
2003.10838530767	312.618022939369	252
2003.20406809701	287.372000437978	247
2003.29975088636	298.995149959361	158.5
2003.3954336757	289.071496595127	154
2003.49111646505	248.981311324199	164.5
2003.58679925439	257.737159084174	149
2003.68248204374	251.726410094242	149
2003.77816483308	241.587603890171	150
2003.87384762243	229.319828654216	151.5
2003.96953041177	219.263286965661	157
2004.06521320112	188.000908175129	158.5
2004.16089599046	160.152921764219	135.5
2004.25657877981	155.128448106844	118
2004.35226156915	147.127843308752	106
2004.4479443585	142.176619151985	96
2004.54362714784	150.878790720105	86.5
2004.63930993719	150.604223869332	137
2004.73499272654	154.833354038013	151
2004.83067551588	163.871588346443	157.5
2004.92635830523	170.737929955682	154
2005.02204109457	172.728207159987	154.5
2005.11772388392	162.217811870496	145
2005.21340667326	155.088087463256	154
2005.30908946261	160.853973267165	151
2005.40477225195	165.077377169903	151
2005.5004550413	174.220734857905	146
2005.59613783064	168.819779593486	130
2005.69182061999	171.437549279512	110.5
2005.78750340933	172.150460405614	102
2005.88318619868	171.947160429287	102
2005.97886898802	171.427491129946	98.5
2006.07455177737	168.853240793723	89.5
2006.17023456671	152.293409069447	86
2006.26591735606	141.845970172584	76
2006.3616001454	141.20774881916	69.5
2006.45728293475	140.867880274673	68
2006.55296572409	188.817648577791	66.5
2006.64864851344	194.910246125166	68
2006.74433130278	197.214143390672	69
2006.84001409213	196.316550174685	78
2006.93569688147	199.754648576919	88
2007.03137967082	204.854122130658	98
2007.12706246016	194.940344222679	99
2007.22274524951	182.215999403084	94
2007.31842803885	171.109824863975	103
2007.4141108282	171.361660017341	114
2007.50979361754	176.938716310185	113.5
2007.60547640689	182.048800691777	113.5
2007.70115919623	189.636343925166	111
2007.79684198558	196.281850375331	109
2007.89252477492	208.768433561061	98
2007.98820756427	211.042865296723	87.5
2008.08389035361	190.139077909761	79
2008.17957314296	193.628840206632	65
2008.2752559323	178.62549485127	52
2008.37093872165	172.304904592542	40.5
2008.46662151099	154.452448306992	36
2008.56230430034	181.573514824342	34
2008.65798708968	175.528391196874	34
2008.75366987903	168.874643122243	38
2008.84935266837	178.263307244084	42
2008.94503545772	187.54508390293	51.5
2009.04071824706	202.197569938511	49
2009.13640103641	207.814820675978	43
2009.23208382575	219.720136327649	56.5
2009.3277666151	226.806823837411	58
2009.42344940444	232.99502923014	63
2009.51913219379	236.129913373343	65
2009.61481498314	244.884698167082	66
2009.71049777248	247.323972487175	67
2009.80618056183	254.056139007363	66
2009.90186335117	259.745762911805	67
2009.99754614052	242.475480987837	73
2010.09322892986	226.295103195528	83
2010.18891171921	206.799544447988	74
2010.28459450855	204.811705137385	75
2010.3802772979	212.072649827123	80
2010.47596008724	209.205380120547	80
2010.57164287659	190.475341915277	86
2010.66732566593	182.373692423722	98
2010.76300845528	174.067273195878	104
2010.85869124462	162.530031664151	105
2010.95437403397	153.803109275882	102.5
2011.05005682331	139.43214095579	99
2011.14573961266	142.702703716201	95
2011.241422402	135.050660106055	87
2011.33710519135	129.442238391965	84
2011.43278798069	127.247672401552	77
2011.52847077004	126.201435026057	68
2011.62415355938	127.113026618273	55
2011.71983634873	127.145719609752	40
2011.81551913807	134.647787499764	33
2011.91120192742	157.770907383225	32
2012.00688471676	145.133125575485	40
2012.10256750611	128.633442452345	44
2012.19825029545	128.945993611411	51
2012.2939330848	120.586268689458	52
2012.38961587414	120.447230072179	50
2012.48529866349	120.233799850432	49
2012.58098145283	120.188084086456	49
2012.67666424218	119.603856883013	48
2012.77234703152	118.68035824296	48
2012.86802982087	119.431335786757	48
2012.96371261021	116.197941950649	44
2013.05939539956	71.9187973703506	34
2013.1550781889	50.8297862204905	21
2013.25076097825	110.029485567304	15
2013.34644376759	104.08344711033	16
2013.44212655694	104.878673363138	16
2013.53780934628	105.87181129272	16
2013.63349213563	107.152187901488	16
2013.72917492497	109.013639752456	16
2013.82485771432	112.092727401095	16
2013.92054050366	100.556639126817	17
2014.01622329301	87.8559189069097	18
2014.11190608235	74.9023254741795	9
2014.2075888717	38.7298814412059	7
2014.30327166105	47.1357691674505	5
2014.39895445039	47.4309590245009	5
2014.49463723974	47.8175366529897	5
2014.59032002908	47.2607833475861	5
2014.68600281843	48.4784718255628	5
2014.78168560777	50.15023903455	5
2014.87736839712	52.7381447329135	8
2014.97305118646	108.951892111268	8
2015.06873397581	113.330092795497	7
2015.16441676515	79.943792352627	8
2015.2600995545	81.1726871408986	6
2015.35578234384	81.6770873495927	6
2015.45146513319	82.0277462713211	6
2015.54714792253	84.2559314162903	6
2015.64283071188	85.4107472599998	6
2015.73851350122	86.8935967993918	6
2015.83419629057	89.7821492959323	6
2015.92987907991	95.9651972516107	5
2016.02556186926	105.911291546446	4
2016.1212446586	145.080764194081	1
2016.21692744795	107.308089327662	1
2016.31261023729	107.315112361113	1
2016.40829302664	107.322123376454	1
2016.50397581598	107.329122378779	1
2016.59965860533	107.336109373671	1
