time	95%HPD_lower_value	95%HPD_higher_value
1998.51487872158	74.2440449791725	1648.84743857306
1998.6057690538	24.6286040376182	2239.75043804143
1998.69665938603	24.6282812392835	2058.67188187088
1998.78754971825	24.6279579255402	2059.22742142051
1998.87844005047	117.127695360462	3156.05511270006
1998.96933038269	218.314666421377	2712.74698238203
1999.06022071492	67.4309580245681	2454.94754916751
1999.15111104714	275.254606375558	1880.41106007703
1999.24200137936	275.561752235275	1880.71257645723
1999.33289171159	255.226914433612	1881.00950497099
1999.42378204381	257.978390917771	1820.55602197088
1999.51467237603	234.819165374376	1751.8776854975
1999.60556270825	126.339475333152	1752.0660041605
1999.69645304048	132.932856722231	1752.24955641716
1999.7873433727	28.5160311951644	1752.4284002206
1999.87823370492	6.62013540101529	1193.41715201421
1999.96912403714	6.62009020540677	1131.84776412168
2000.06001436937	2.90319510915294	1073.29543684727
2000.15090470159	213.337656021246	960.735452354545
2000.24179503381	177.767252162231	775.204753327416
2000.33268536603	177.947051820991	665.936465017887
2000.42357569826	144.806959257625	629.054802187452
2000.51446603048	151.713481243985	683.32279831334
2000.6053563627	176.722043608001	782.90555390777
2000.69624669492	170.601537705842	745.008616618243
2000.78713702715	170.790478082643	782.707406443423
2000.87802735937	170.976171066238	759.978856548098
2000.96891769159	163.948064472936	738.129439029883
2001.05980802382	163.665387278479	704.898042748656
2001.15069835604	188.981674955331	713.808819899237
2001.24158868826	300.663145290107	1442.07056961585
2001.33247902048	425.692537027281	1545.04616749752
2001.42336935271	460.676894745109	1479.5493167727
2001.51425968493	429.623141894791	1426.75456775779
2001.60515001715	421.687129127935	1277.66732799127
2001.69604034937	417.193541543623	1222.70623952073
2001.7869306816	400.692160975771	1162.77445393335
2001.87782101382	400.237410836336	1155.59312463727
2001.96871134604	400.270908807617	1155.56029379355
2002.05960167826	400.155532650029	1149.85954088375
2002.15049201049	385.697589383134	1167.21764376145
2002.24138234271	345.389010001169	1228.32323832082
2002.33227267493	277.400512951221	922.048221974064
2002.42316300716	250.964700334669	850.138818781949
2002.51405333938	246.496012161096	1076.86586369934
2002.6049436716	249.604987398287	789.117138951033
2002.69583400382	305.825003614412	930.515898357903
2002.78672433605	310.920822909134	955.727884529125
2002.87761466827	261.511200205845	913.373318088057
2002.96850500049	261.612468115388	1009.15851873882
2003.05939533271	265.526613599846	1006.04450724074
2003.15028566494	267.789205977748	991.063457367673
2003.24117599716	305.09975498362	855.208156017179
2003.33206632938	318.229192329046	864.28726784228
2003.4229566616	322.91057758125	879.556123524443
2003.51384699383	295.666149610144	688.251296850398
2003.60473732605	302.703646666082	737.000717198884
2003.69562765827	295.855225466071	743.760884973226
2003.7865179905	304.894180300533	743.960478790482
2003.87740832272	306.706664179353	744.149168185917
2003.96829865494	283.767910867185	686.335696343498
2004.05918898716	292.782629349377	685.518005360375
2004.15007931939	284.324894112109	674.059893949793
2004.24096965161	287.629511173724	812.590948205424
2004.33185998383	256.228174560009	809.516941333914
2004.42275031605	256.232655848904	791.238290349986
2004.51364064828	150.419669064787	391.341472705901
2004.6045309805	159.74027728458	369.593048971836
2004.69542131272	153.165600386318	369.529863716133
2004.78631164494	153.196613964554	369.463753816444
2004.87720197717	157.167867285422	370.370548789389
2004.96809230939	148.93656919369	362.245928367078
2005.05898264161	104.536593601833	286.702293376475
2005.14987297383	105.245546088167	308.925394289336
2005.24076330606	105.504295152886	293.190073448942
2005.33165363828	99.537060658421	279.173014713151
2005.4225439705	94.6521853291442	184.826338650512
2005.51343430273	124.472539427627	203.437358995375
2005.60432463495	120.903989779599	217.415523646073
2005.69521496717	123.496775723829	235.241181025578
2005.78610529939	119.06944230193	225.238611870513
2005.87699563162	121.550409077002	229.551990400158
2005.96788596384	113.121424829771	215.734754706086
2006.05877629606	112.715113205386	217.948180399794
2006.14966662828	131.977672051967	239.477170961485
2006.24055696051	134.108362072183	240.001661061606
2006.33144729273	130.899798080182	244.067440736086
2006.42233762495	140.953925214515	244.008047017531
2006.51322795717	129.992660384725	235.761801889978
2006.6041182894	129.399263695487	228.457643945223
2006.69500862162	133.237140332721	259.966024032755
2006.78589895384	132.375951581045	264.993718088424
2006.87678928607	124.112351473362	264.679962636917
2006.96767961829	126.527697850887	300.201877352783
2007.05856995051	134.787205209796	372.258919358231
2007.14946028273	133.795152888188	900.51998571808
2007.24035061496	220.82506560408	1104.71709916056
2007.33124094718	134.735984153939	1092.03270705873
2007.4221312794	151.547884633519	1658.51071619325
2007.51302161162	305.944813368066	5750.64921175638
2007.60391194385	313.276919424077	4671.60380287579
2007.69480227607	312.445796823318	4618.96156273153
2007.78569260829	282.987977915455	4371.38455695669
2007.87658294051	272.23035631605	4372.2555715804
2007.96747327274	243.122256402148	3817.94699554045
2008.05836360496	249.919655820519	3669.67403533732
2008.14925393718	262.827558925508	4219.72517886333
2008.2401442694	176.395511300028	4123.93531116154
2008.33103460163	169.047923067261	3711.0782820071
2008.42192493385	172.827645891876	3928.4898120451
2008.51281526607	104.088334214069	284.755178261251
2008.6037055983	104.63550205836	288.902646029635
2008.69459593052	101.976576831188	307.821073429488
2008.78548626274	82.9408767765205	288.89809948138
2008.87637659496	83.7188455351205	279.122139335382
2008.96726692719	74.2794075762713	197.17465817333
2009.05815725941	70.1497976389116	183.253631724789
2009.14904759163	92.2473505284882	212.850779298726
2009.23993792385	90.8319009301076	214.172792672904
2009.33082825608	82.7409728146117	256.330971467866
2009.4217185883	83.1691387482599	263.613146848318
2009.51260892052	98.5850479669616	245.665653730362
2009.60349925274	98.6024713382924	264.410935447937
2009.69438958497	98.6197500338008	369.8925343627
2009.78527991719	98.6368841585973	427.874751263688
2009.87617024941	108.026915380324	478.171479948835
2009.96706058164	114.124109850894	637.842027576189
2010.05795091386	111.378888093106	662.230558314775
2010.14884124608	122.872816956072	706.380715809359
2010.2397315783	102.065169437738	697.902378708894
2010.33062191053	102.074216876341	688.392834511276
2010.42151224275	133.83326670208	692.06200119943
2010.51240257497	89.5137446285619	703.772495603876
2010.60329290719	151.202267921881	774.479710012564
2010.69418323942	89.6808958332839	717.457110276754
2010.78507357164	90.5506876721309	677.151712931215
2010.87596390386	104.718735560028	647.918336299714
2010.96685423608	108.081561130826	514.324351268949
2011.05774456831	103.263460696095	462.475061304648
2011.14863490053	104.142556591044	544.268347664995
2011.23952523275	157.534191963746	599.926492275542
2011.33041556497	189.295228735335	672.27443225762
2011.4213058972	157.346730727212	675.343402177975
2011.51219622942	183.906395292228	497.724163953686
2011.60308656164	172.548358431471	492.64176383591
2011.69397689387	181.751426972894	492.808495483095
2011.78486722609	182.620574575412	492.954500933216
2011.87575755831	186.068878258027	512.983895527917
2011.96664789053	182.468575651628	530.857231256386
2012.05753822276	182.200180861695	476.695074033026
2012.14842855498	159.31202281087	498.918170046161
2012.2393188872	84.4023489200721	472.673243130737
2012.33020921942	84.858076142928	472.825961020106
2012.42109955165	83.5675986239401	435.521101766902
2012.51198988387	62.0060956317297	383.644328348179
2012.60288021609	58.6025245233128	397.364817862718
2012.69377054831	58.6014624166996	434.593520974391
2012.78466088054	56.8054731318448	406.255686324424
2012.87555121276	56.8016189836143	425.758392551306
2012.96644154498	140.264351576611	540.84153431396
2013.05733187721	201.048934236904	549.811375122274
2013.14822220943	197.90974092551	496.706854571972
2013.23911254165	180.463540838712	478.560239939572
2013.33000287387	192.453833349949	479.886931649037
2013.4208932061	195.900117973286	480.245333582443
2013.51178353832	192.58101955644	485.314706872385
2013.60267387054	192.640829567144	496.329008377972
2013.69356420276	192.698136739197	496.996291343686
2013.78445453499	192.752954943015	497.597631228114
2013.87534486721	192.805297613439	498.134224097771
2013.96623519943	146.875187102544	453.113890161977
2014.05712553165	76.5607239931809	355.531716706961
2014.14801586388	31.1220137626935	60.7647641144442
2014.2389061961	31.0559055222207	65.6521861510434
2014.32979652832	31.0567305192092	65.6569831823158
2014.42068686054	31.057554430672	65.6617517526895
2014.51157719277	31.0583772564895	65.6664918864428
2014.60246752499	31.059198996166	65.6712036096288
2014.69335785721	31.0600196507823	65.6758869438807
2014.78424818944	31.0608392197116	65.6805419196609
2014.87513852166	31.0616577075238	65.6851685508428
2014.96602885388	37.7536583309295	66.9726039884774
2015.0569191861	37.9382403379103	75.70364595552
2015.14780951833	37.8647961622877	73.3447835937684
2015.23869985055	87.6995030125628	141.338203247052
2015.32959018277	87.7210308024159	141.387711625486
2015.42048051499	87.7424899824172	141.436975785631
2015.51137084722	87.7638806642585	141.485996320828
2015.60226117944	87.785202961846	141.534773823129
2015.69315151166	87.806456978979	141.583308880516
2015.78404184388	87.8276428536642	141.631602081838
2015.87493217611	87.8487610165957	141.679654039447
2015.96582250833	199.817596277441	379.8401330943
2016.05671284055	199.933353062579	380.257024892207
2016.14760317278	147.634177303985	288.598250608609
2016.238493505	88.3627608308753	272.538209201679
2016.32938383722	88.395841918825	272.911702847636
2016.42027416944	88.4288064543649	273.281479279784
2016.51116450167	88.4616546384887	273.647563245265
2016.60205483389	88.4943866718759	274.009979240173
