time	distance
1997.32098142353	0
1997.41761401641	0.137877104046328
1997.51424660929	0.564890855487666
1997.61087920218	1.36349441288721
1997.70751179506	1.8317227775456
1997.80414438794	2.42532281382445
1997.90077698082	4.27617976536089
1997.99740957371	8.40392147325557
1998.09404216659	18.5349712871332
1998.19067475947	34.1696648552482
1998.28730735235	68.560866153746
1998.38393994524	102.771785138141
1998.48057253812	135.163531875728
1998.577205131	167.39082755122
1998.67383772388	201.657370651221
1998.77047031677	227.209273932458
1998.86710290965	253.768869986419
1998.96373550253	284.274959420633
1999.06036809541	320.088741184146
1999.15700068829	363.56846452596
1999.25363328118	410.20114349819
1999.35026587406	462.755473928707
1999.44689846694	522.429094691335
1999.54353105982	586.091593648224
1999.64016365271	651.807285678306
1999.73679624559	720.604921758526
1999.83342883847	789.222478872398
1999.93006143135	866.03805223993
2000.02669402424	945.225105691418
2000.12332661712	1009.16690175644
2000.21995921	1065.59581947426
2000.31659180288	1114.07639390459
2000.41322439577	1172.05362308992
2000.50985698865	1243.80775236479
2000.60648958153	1313.15387096082
2000.70312217441	1387.56302896532
2000.79975476729	1467.09544849882
2000.89638736018	1545.54868733458
2000.99301995306	1655.08499702524
2001.08965254594	1802.54763508404
2001.18628513882	1928.85716703311
2001.28291773171	2054.12588036099
2001.37955032459	2194.47470407633
2001.47618291747	2346.27566460134
2001.57281551035	2515.79624920946
2001.66944810324	2699.2719524398
2001.76608069612	2851.81638549423
2001.862713289	3097.79068142007
2001.95934588188	3382.86753182782
2002.05597847477	3383.32226143444
2002.15261106765	3383.32226143444
2002.24924366053	3383.32226143444
2002.34587625341	3383.32226143444
2002.44250884629	3383.73135777141
2002.53914143918	3386.84295150653
2002.63577403206	3394.91451176031
2002.73240662494	3407.3704730495
2002.82903921782	3426.26812717622
2002.92567181071	3508.65970688268
2003.02230440359	3508.65970688268
2003.11893699647	3508.65970688268
2003.21556958935	3508.65970688268
2003.31220218224	3508.65970688268
2003.40883477512	3508.65970688268
2003.505467368	3508.65970688268
2003.60209996088	3508.65970688268
2003.69873255377	3508.65970688268
2003.79536514665	3508.65970688268
2003.89199773953	3508.65970688268
2003.98863033241	3508.65970688268
2004.08526292529	3508.65970688268
2004.18189551818	3508.65970688268
2004.27852811106	3508.65970688268
2004.37516070394	3508.65970688268
2004.47179329682	3508.65970688268
2004.56842588971	3508.73861399923
2004.66505848259	3510.08954140175
2004.76169107547	3512.34983566518
2004.85832366835	3517.84874969286
2004.95495626124	3532.41434622522
2005.05158885412	3562.37610594344
2005.148221447	3606.33103809656
2005.24485403988	3656.52969798679
2005.34148663277	3707.0306160887
2005.43811922565	3757.35078245035
2005.53475181853	3807.48048761251
2005.63138441141	3807.48048761251
2005.72801700429	3807.48048761251
2005.82464959718	3807.48048761251
2005.92128219006	3807.48048761251
2006.01791478294	3807.48048761251
2006.11454737582	3807.48048761251
2006.21117996871	3807.48048761251
2006.30781256159	3807.48048761251
2006.40444515447	3807.48048761251
2006.50107774735	3807.48048761251
2006.59771034024	3807.48048761251
2006.69434293312	3807.52694465513
2006.790975526	3808.15108960757
2006.88760811888	3808.77380884866
2006.98424071176	3809.39507994761
2007.08087330465	3810.01488027717
2007.17750589753	3810.63318700937
2007.27413849041	3811.24997711131
2007.37077108329	3811.55684657901
2007.46740367618	3811.55684657901
2007.56403626906	3811.55684657901
2007.66066886194	3811.55684657901
2007.75730145482	3811.55684657901
2007.85393404771	3811.55684657901
2007.95056664059	3811.55684657901
2008.04719923347	3811.55684657901
2008.14383182635	3811.55684657901
2008.24046441924	3811.55684657901
2008.33709701212	3811.55684657901
2008.433729605	3811.55684657901
2008.53036219788	3811.55684657901
2008.62699479076	3811.55684657901
2008.72362738365	3811.55684657901
2008.82025997653	3811.55684657901
2008.91689256941	3811.55684657901
2009.01352516229	3811.55684657901
2009.11015775518	3811.55684657901
2009.20679034806	3811.55684657901
2009.30342294094	3811.55684657901
2009.40005553382	3811.55684657901
2009.49668812671	3811.55684657901
2009.59332071959	3811.55684657901
2009.68995331247	3811.55684657901
2009.78658590535	3811.55684657901
2009.88321849824	3811.55684657901
2009.97985109112	3811.55684657901
2010.076483684	3811.55684657901
2010.17311627688	3811.55684657901
2010.26974886976	3811.55684657901
2010.36638146265	3811.55684657901
2010.46301405553	3811.55684657901
2010.55964664841	3811.55684657901
2010.65627924129	3811.55684657901
2010.75291183418	3811.55684657901
2010.84954442706	3811.55684657901
2010.94617701994	3811.55684657901
2011.04280961282	3811.55684657901
2011.13944220571	3811.55684657901
2011.23607479859	3811.55684657901
2011.33270739147	3811.55684657901
2011.42933998435	3811.55684657901
2011.52597257724	3811.55684657901
2011.62260517012	3811.55684657901
2011.719237763	3811.55684657901
2011.81587035588	3811.55684657901
2011.91250294876	3811.55684657901
2012.00913554165	3811.55684657901
2012.10576813453	3811.55684657901
2012.20240072741	3811.55684657901
2012.29903332029	3811.55684657901
2012.39566591318	3811.55684657901
2012.49229850606	3811.55684657901
2012.58893109894	3811.55684657901
2012.68556369182	3811.55684657901
2012.78219628471	3811.55684657901
2012.87882887759	3811.55684657901
2012.97546147047	3811.55684657901
2013.07209406335	3811.55684657901
2013.16872665624	3811.55684657901
2013.26535924912	3811.55684657901
2013.361991842	3811.55684657901
2013.45862443488	3811.55684657901
2013.55525702776	3811.55684657901
2013.65188962065	3811.55684657901
2013.74852221353	3811.55684657901
2013.84515480641	3811.55684657901
2013.94178739929	3811.55684657901
2014.03841999218	3811.55684657901
2014.13505258506	3811.55684657901
2014.23168517794	3811.55684657901
2014.32831777082	3811.55684657901
2014.42495036371	3811.55684657901
2014.52158295659	3811.55684657901
2014.61821554947	3811.55684657901
2014.71484814235	3811.55684657901
2014.81148073524	3811.55684657901
2014.90811332812	3811.55684657901
2015.004745921	3811.55684657901
2015.10137851388	3811.55684657901
2015.19801110676	3811.55684657901
2015.29464369965	3811.55684657901
2015.39127629253	3811.55684657901
2015.48790888541	3811.55684657901
2015.58454147829	3811.55684657901
2015.68117407118	3811.55684657901
2015.77780666406	3811.55684657901
2015.87443925694	3811.55684657901
2015.97107184982	3811.55684657901
2016.06770444271	3811.55684657901
2016.16433703559	3811.55684657901
2016.26096962847	3811.55684657901
2016.35760222135	3811.55684657901
2016.45423481424	3811.55684657901
2016.55086740712	3811.55684657901
2016.6475	3811.55684657901
