time	95%HPD_lower_value	95%HPD_higher_value
1997.54101947156	24.4349190518368	1289.22874526206
1997.63679130378	24.4347774662599	812.810644476728
1997.73256313601	88.9575044264661	812.293112466681
1997.82833496823	43.3801577409368	962.506485023546
1997.92410680045	102.436419294055	733.256497823969
1998.01987863268	41.8530376882009	729.378935049642
1998.1156504649	90.5467005761586	752.25284005406
1998.21142229712	88.0333188986135	494.822368420862
1998.30719412934	86.4400103836336	312.808830857267
1998.40296596157	86.0111575051612	282.785683473276
1998.49873779379	88.0424969268549	264.558436290376
1998.59450962601	101.68193384494	249.891123351549
1998.69028145823	80.3725696104411	238.097925683875
1998.78605329046	84.5614345793255	236.126354445809
1998.88182512268	94.1778454690719	238.885045991768
1998.9775969549	70.7645268808028	247.831485469027
1999.07336878713	79.8816776474403	273.540107539406
1999.16914061935	133.3260816838	348.877229574179
1999.26491245157	125.835853053474	311.568246933046
1999.36068428379	138.567368413215	350.269606056919
1999.45645611602	146.029519758186	320.914621543071
1999.55222794824	145.260235414227	326.548606457134
1999.64799978046	137.385065161217	311.533674281833
1999.74377161268	147.740533049035	320.064389529549
1999.83954344491	150.419604264946	341.641983354257
1999.93531527713	153.071174406856	346.596791585924
2000.03108710935	147.62182484968	346.869426240684
2000.12685894158	148.360092631632	357.45732379769
2000.2226307738	151.30224355872	358.936800527634
2000.31840260602	216.584732156656	436.923170869732
2000.41417443824	257.94673319846	470.127346293586
2000.50994627047	281.211092495105	495.343734157737
2000.60571810269	303.987011602866	471.621327832928
2000.70148993491	307.467896688899	455.965836520157
2000.79726176713	324.340388287165	442.613053295264
2000.89303359936	325.320247922281	427.716914832384
2000.98880543158	328.427547524926	425.833792732938
2001.0845772638	328.76996689853	424.070158358662
2001.18034909603	323.666417952045	411.007248402468
2001.27612092825	329.765405020171	417.91907852684
2001.37189276047	332.824679190998	416.343153246938
2001.46766459269	335.687048659012	444.342398000347
2001.56343642492	357.597991624066	514.806081817495
2001.65920825714	370.246679174185	526.984046608668
2001.75498008936	408.702269391914	541.89564055763
2001.85075192159	380.315212452624	521.31112657178
2001.94652375381	363.987150853594	498.153771143366
2002.04229558603	340.41012292698	463.24837788658
2002.13806741825	279.628154118935	383.728381086671
2002.23383925048	244.834538296782	326.281437779225
2002.3296110827	234.437145379115	308.899210097345
2002.42538291492	222.454307400023	306.437376516571
2002.52115474714	267.315406596304	343.959662219583
2002.61692657937	256.079834525057	342.623036372277
2002.71269841159	266.993377255672	346.253121365539
2002.80847024381	247.332994217296	331.707103998163
2002.90424207604	248.023446352546	336.141289225326
2003.00001390826	227.839622480655	326.422546167825
2003.09578574048	227.512118703449	328.246571988721
2003.1915575727	192.838649038843	278.563446357718
2003.28732940493	191.320086031617	279.395962772078
2003.38310123715	200.349466430568	289.910414852265
2003.47887306937	180.963769918048	272.270004099059
2003.57464490159	210.056126786351	277.234177832266
2003.67041673382	206.03230592561	275.200885945213
2003.76618856604	198.687374169415	264.597745393521
2003.86196039826	194.445716219512	267.777968901265
2003.95773223049	177.986982256803	249.197615261137
2004.05350406271	158.883607273074	225.635510350319
2004.14927589493	149.86009679608	211.715683181073
2004.24504772715	137.946842439047	191.166851864513
2004.34081955938	132.409796265735	192.84018073184
2004.4365913916	136.399333321848	199.078831328265
2004.53236322382	168.446651998553	241.00266499739
2004.62813505605	160.393735065493	222.273940794811
2004.72390688827	157.218662808671	227.868862889633
2004.81967872049	157.699197539923	237.905689626181
2004.91545055271	165.557855117275	258.245828837768
2005.01122238494	159.819467709082	255.168626312194
2005.10699421716	174.669184155004	235.536144546146
2005.20276604938	169.972364281067	219.434242091701
2005.2985378816	171.031699914375	221.269621859017
2005.39430971383	171.398332612816	225.083855394922
2005.49008154605	171.206502234227	227.418454995182
2005.58585337827	182.261950361913	249.693941356368
2005.6816252105	183.96714609591	265.322333567063
2005.77739704272	175.581975775009	277.820964127324
2005.87316887494	182.373754870259	285.451439420351
2005.96894070716	178.691142182867	284.591652948724
2006.06471253939	136.916521476269	246.460110203569
2006.16048437161	163.741925582234	241.069731383206
2006.25625620383	143.986030831048	212.746496868946
2006.35202803605	147.246203303277	218.644686176931
2006.44779986828	158.860018447948	232.559743350509
2006.5435717005	178.293358671872	250.704778099638
2006.63934353272	184.398875361104	267.521521026472
2006.73511536495	178.15675086931	286.180517855903
2006.83088719717	176.621334846024	278.800063213652
2006.92665902939	176.591168991567	288.617409182359
2007.02243086161	154.590077164606	298.631228862827
2007.11820269384	153.737592878657	260.073028661074
2007.21397452606	155.633174291457	236.366574590421
2007.30974635828	139.764615113406	220.146942579447
2007.4055181905	140.089410557311	223.020990968714
2007.50129002273	151.285012978335	228.992286984937
2007.59706185495	165.863620536796	243.609606090845
2007.69283368717	172.160880089124	250.776168643751
2007.7886055194	177.00721394382	259.491332728976
2007.88437735162	185.529535299207	290.616930089036
2007.98014918384	165.909277340867	305.239782656294
2008.07592101606	166.98049922558	321.995355619792
2008.17169284829	179.786909049859	288.111452906342
2008.26746468051	153.050360361902	280.221291401919
2008.36323651273	152.013959251203	277.287224473237
2008.45900834496	127.505955197247	276.625554950588
2008.55478017718	232.633927833337	401.286845852537
2008.6505520094	232.063334809302	405.353294208902
2008.74632384162	218.697896051781	385.064425053255
2008.84209567385	214.080542334641	378.631778610068
2008.93786750607	204.769661137902	381.960301921105
2009.03363933829	191.940700713537	353.746321328387
2009.12941117051	147.367848607263	319.071199722394
2009.22518300274	141.917348980507	248.080415980839
2009.32095483496	130.788400451814	251.807968784365
2009.41672666718	123.460405087006	244.099407218106
2009.51249849941	122.163740409366	239.933991899805
2009.60827033163	146.279140931832	260.794282807293
2009.70404216385	149.495323963161	262.600100810075
2009.79981399607	158.149104565235	262.573626872482
2009.8955858283	159.888227757409	292.901079264753
2009.99135766052	149.613367063971	286.204931784553
2010.08712949274	133.053883837846	282.236742423455
2010.18290132496	166.898359621375	287.554942103178
2010.27867315719	148.218610554051	274.309387376719
2010.37444498941	164.23319676738	322.124861409602
2010.47021682163	176.697429970266	336.234936614893
2010.56598865386	152.347500051648	288.741429721334
2010.66176048608	154.254415298194	267.546268864642
2010.7575323183	129.679415911822	256.259449103944
2010.85330415052	128.372960692679	248.190621006724
2010.94907598275	125.117652684094	243.762850599723
2011.04484781497	116.830377874112	236.718287309567
2011.14061964719	121.27071016617	229.472507492969
2011.23639147941	104.981789693607	217.690706068166
2011.33216331164	91.1119119497611	208.823002482118
2011.42793514386	97.175304834631	212.446498079423
2011.52370697608	85.5579561731695	194.06814015445
2011.61947880831	92.2295207683743	195.620593017524
2011.71525064053	93.7452505654802	207.322016573525
2011.81102247275	90.6925744292	224.820432889263
2011.90679430497	86.107776631589	243.887586830118
2012.0025661372	163.630981357675	402.480760053147
2012.09833796942	159.450997651275	408.396331371789
2012.19410980164	157.185542759526	318.919941418178
2012.28988163386	145.508847098788	290.831195421393
2012.38565346609	143.168309340309	290.329804316802
2012.48142529831	145.057053130064	289.848951316637
2012.57719713053	144.240675609247	289.328788167065
2012.67296896276	141.894616292605	286.267051828629
2012.76874079498	138.261528366871	277.571071101784
2012.8645126272	131.843129134423	254.873663341087
2012.96028445942	120.495005462678	219.025551331923
2013.05605629165	54.2792715514902	106.387764949602
2013.15182812387	35.0989663564998	71.19659763469
2013.24759995609	40.3155046448892	73.5403792726455
2013.34337178832	40.2651384273517	73.3888626339775
2013.43914362054	40.3521928607759	73.5505020565697
2013.53491545276	40.467408852214	73.7663328208641
2013.63068728498	40.6087467776452	73.9854750437148
2013.72645911721	40.6724531445478	74.0377521465175
2013.82223094943	37.7168173039649	70.9980119212201
2013.91800278165	38.1393058095867	71.4349013925495
2014.01377461387	32.4873051085653	58.8375693517992
2014.1095464461	24.1574187132749	54.8266230807956
2014.20531827832	16.2592635727616	47.4995158459814
2014.30109011054	44.8121660180916	79.2501886606397
2014.39686194277	45.2305818578457	80.0393515555331
2014.49263377499	45.7867814537272	81.640600470316
2014.58840560721	46.5630686314029	84.102508418015
2014.68417743943	47.7235913008461	87.7932714335979
2014.77994927166	50.2994498125442	93.9326709920797
2014.87572110388	53.4425639540353	105.17085862996
2014.9714929361	41.171273517921	140.445588641419
2015.06726476832	35.1259485839409	147.726464619886
2015.16303660055	34.8667260194932	94.6645530230697
2015.25880843277	25.9338210543847	79.363199991887
2015.35458026499	25.9922052785388	78.2092275159701
2015.45035209722	26.0676388820436	76.6929701828582
2015.54612392944	26.1693319276619	76.1052117444609
2015.64189576166	26.314583432572	75.6389271714788
2015.73766759388	26.540160375395	74.9046688314661
2015.83343942611	26.5943211068248	73.5877236595888
2015.92921125833	25.780242158737	70.5634930407638
2016.02498309055	22.6411333822447	70.7007962868824
2016.12075492277	8.42285609828157	83.2623333290253
2016.216526755	187.398792715729	478.033566426653
2016.31229858722	187.404127814231	478.366224904828
2016.40807041944	187.409443787546	478.696385435157
2016.50384225167	187.414740638735	479.024056514903
2016.59961408389	187.420018370909	479.34924655182
