time	velocity	number_of_branches
1997.36929771997	220.90544305026	0.3
1997.46593031285	257.410165802	0.44
1997.56256290574	382.071402099866	1.04
1997.65919549862	367.238121248475	1.94
1997.7558280915	440.773504538262	4.06
1997.85246068438	380.746469585218	8.66
1997.94909327727	395.250243170331	14.71
1998.04572587015	294.160034964299	19.67
1998.14235846303	265.348337525891	22.93
1998.23899105591	226.946830848484	25.15
1998.33562364879	193.847533752638	26.45
1998.43225624168	177.853603828653	27.07
1998.52888883456	168.38649660515	27.74
1998.62552142744	160.679813907448	28.19
1998.72215402032	156.315459889319	28.36
1998.81878661321	156.900498763169	26.15
1998.91541920609	157.610598240889	23.21
1999.01205179897	167.66730501958	18.96
1999.10868439185	179.789566892977	15.94
1999.20531698474	173.036535007121	16.79
1999.30194957762	170.122235950354	20.3
1999.3985821705	170.273052702998	25.44
1999.49521476338	184.529032647283	30.99
1999.59184735627	199.401903530662	35.44
1999.68847994915	208.920669579313	39.84
1999.78511254203	216.132085374658	42.78
1999.88174513491	220.424267539218	45.64
1999.97837772779	228.463630549861	48.54
2000.07501032068	231.341760502536	54.27
2000.17164291356	247.460606032614	63.57
2000.26827550644	288.35353434962	101.38
2000.36490809932	349.319296260639	170.7
2000.46154069221	377.576203816293	212.25
2000.55817328509	393.930887216598	247.98
2000.65480587797	399.049305269154	300.7
2000.75143847085	391.725851073286	318.71
2000.84807106374	383.296170149831	322.66
2000.94470365662	376.685258383854	322.77
2001.0413362495	372.207707612052	322.46
2001.13796884238	366.458675517124	320.01
2001.23460143527	361.404693986795	305.4
2001.33123402815	365.735515757423	262.69
2001.42786662103	370.388019038846	243.98
2001.52449921391	398.085451564293	232.03
2001.62113180679	435.822420099597	188.21
2001.71776439968	467.296548775787	161.54
2001.81439699256	464.053258095169	153.86
2001.91102958544	445.566267801916	151.09
2002.00766217832	427.014083400693	149.59
2002.10429477121	388.10620083909	150.34
2002.20092736409	342.367135761117	164.5
2002.29755995697	324.298665870371	200.92
2002.39419254985	320.038740659102	195.03
2002.49082514274	314.465468472264	173.32
2002.58745773562	409.769783474665	155.5
2002.6840903285	413.063769295799	147.38
2002.78072292138	407.272468793633	145.29
2002.87735551427	397.616006255367	145.66
2002.97398810715	387.992341220159	145.33
2003.07062070003	399.767483521184	145.26
2003.16725329291	362.153765265085	141.26
2003.26388588579	338.794723774373	113.17
2003.36051847868	362.784962302883	98.52
2003.45715107156	341.478841946045	99.91
2003.55378366444	330.391173242197	94.79
2003.65041625732	322.130074142274	95.25
2003.74704885021	306.863558644807	96.15
2003.84368144309	293.177677854814	96.27
2003.94031403597	265.760718546434	99.14
2004.03694662885	221.242745522726	101.12
2004.13357922174	185.305672396812	92.72
2004.23021181462	165.000016683323	80.21
2004.3268444075	157.982023733941	63.07
2004.42347700038	156.526956432958	57.97
2004.52010959327	194.41634874734	56.46
2004.61674218615	188.046327146555	71.61
2004.71337477903	184.92330881365	82.01
2004.81000737191	184.419998197403	86.92
2004.90663996479	186.55656736728	87.57
2005.00327255768	183.951625372847	83.36
2005.09990515056	169.342230272047	81.78
2005.19653774344	164.443605477995	86.56
2005.29317033632	163.283132253049	87.27
2005.38980292921	158.823692885647	89.64
2005.48643552209	158.82914191819	88.67
2005.58306811497	161.021744358757	80.58
2005.67970070785	170.244796776853	73.47
2005.77633330074	168.804497624173	70.99
2005.87296589362	168.856670087644	71.99
2005.9695984865	171.231495874717	72.8
2006.06623107938	165.353761193535	71.37
2006.16286367227	146.342192948642	72.67
2006.25949626515	137.628508654637	66.59
2006.35612885803	142.22192644421	64.08
2006.45276145091	147.228270959229	63.52
2006.54939404379	173.101092065524	62.41
2006.64602663668	181.541887621259	61.7
2006.74265922956	190.255595622746	62.15
2006.83929182244	199.877190777845	65.85
2006.93592441532	209.242504390835	72.82
2007.03255700821	214.284688711076	77.16
2007.12918960109	183.37267368833	73.04
2007.22582219397	158.518472720812	68.25
2007.32245478685	161.611908451888	72.89
2007.41908737974	165.659262504985	79.05
2007.51571997262	181.752744566893	81.79
2007.6123525655	186.805748717699	82.51
2007.70898515838	193.398840131971	80.25
2007.80561775127	199.148252527739	77.04
2007.90225034415	202.352546580863	71.34
2007.99888293703	211.637404717484	62.64
2008.09551552991	183.750634962367	56.21
2008.19214812279	192.441777896505	47.8
2008.28878071568	175.679813653615	43.44
2008.38541330856	173.277803933117	36.51
2008.48204590144	164.649625927814	33.5
2008.57867849432	180.931318477751	31.77
2008.67531108721	180.676491516706	32.09
2008.77194368009	182.026797297956	34.7
2008.86857627297	185.099568147959	37.03
2008.96520886585	186.335267204708	42.45
2009.06184145874	189.40127791217	41.66
2009.15847405162	158.092546723608	40.48
2009.2551066445	150.974041003748	49.15
2009.35173923738	158.416226806044	51.45
2009.44837183026	166.621759559416	56.06
2009.54500442315	177.248325217843	58.52
2009.64163701603	186.293731731056	61.7
2009.73826960891	194.90062699467	61.86
2009.83490220179	200.673253757782	62.31
2009.93153479468	211.028119979942	61.63
2010.02816738756	213.517234702848	63.31
2010.12479998044	234.682001249445	66.67
2010.22143257332	207.890619033233	60.28
2010.31806516621	209.898446906321	58.86
2010.41469775909	213.689127535859	58.02
2010.51133035197	208.366329858	57.54
2010.60796294485	188.445879188141	63.48
2010.70459553774	179.307300309509	65.32
2010.80122813062	174.34490140407	63.49
2010.8978607235	167.926212627575	61.21
2010.99449331638	159.386844242921	59.09
2011.09112590926	137.382962410082	58.83
2011.18775850215	128.321780878438	53.17
2011.28439109503	129.758652174672	52.24
2011.38102368791	128.233793447011	48.92
2011.47765628079	126.890921547906	44.73
2011.57428887368	126.776244836327	36.26
2011.67092146656	129.656094289476	30.72
2011.76755405944	132.290407719284	27.4
2011.86418665232	138.844957925218	26.43
2011.96081924521	144.699348867708	28.08
2012.05745183809	131.50959294981	37.19
2012.15408443097	149.19028149552	39.49
2012.25071702385	130.260505171854	36.81
2012.34734961674	138.023522144786	35.29
2012.44398220962	138.687226322962	34.99
2012.5406148025	139.141657160807	34.83
2012.63724739538	139.789630592512	34.66
2012.73387998827	140.780389345908	34.45
2012.83051258115	141.670760716255	34.31
2012.92714517403	142.594941986239	32.14
2013.02377776691	110.373327264934	20
2013.12041035979	49.469869511156	18
2013.21704295268	106.810018186245	12
2013.31367554556	91.3750804507151	13
2013.41030813844	91.9068917642252	13
2013.50694073132	92.6018720988992	13
2013.60357332421	93.5476671328529	13
2013.70020591709	94.9082869648668	13
2013.79683850997	97.0304360058051	13
2013.89347110285	100.796079428758	13
2013.99010369574	109.304679328309	13
2014.08673628862	89.4430245623033	9
2014.1833688815	68.8393886428397	6
2014.28000147438	55.6029476658053	1
2014.37663406726	55.5964426904795	1
2014.47326666015	55.5899320235041	1
2014.56989925303	55.5834156615758	1
2014.66653184591	55.5768936011071	1
2014.76316443879	55.5703658386239	1
2014.85979703168	55.563832370246	1
2014.95642962456	55.5572931857634	1
2015.05306221744	NA	0
2015.14969481032	25.6800825623503	3
2015.24632740321	29.5814901262069	4
2015.34295999609	29.6069637569506	4
2015.43959258897	29.639835244691	4
2015.53622518185	29.6837886604907	4
2015.63285777474	29.7454402870674	4
2015.72949036762	29.8379805223984	4
2015.8261229605	29.9920378291905	4
2015.92275555338	30.2987217300857	4
2016.01938814626	31.204463495363	4
2016.11602073915	40.3907096597707	1
2016.21265333203	129.133286947354	1
2016.30928592491	129.158170814348	1
2016.40591851779	129.182988077389	1
2016.50255111068	129.207738848073	1
2016.59918370356	129.232423237634	1
