time	distance
1998.29728142276	0
1998.38903251565	0
1998.48078360853	0
1998.57253470142	0
1998.6642857943	0
1998.75603688719	0
1998.84778798008	0
1998.93953907296	0
1999.03129016585	0
1999.12304125874	0
1999.21479235162	0
1999.30654344451	75.3050395969072
1999.39829453739	142.335735792296
1999.49004563028	222.731131401948
1999.58179672317	320.816461525434
1999.67354781605	458.323025417433
1999.76529890894	621.004672474682
1999.85705000183	780.143846717741
1999.94880109471	942.059198526041
2000.0405521876	1107.07675405374
2000.13230328048	1273.57782344349
2000.22405437337	1443.98086963764
2000.31580546626	1609.43966679181
2000.40755655914	1754.88284068496
2000.49930765203	1909.96967629519
2000.59105874492	2075.44927288851
2000.6828098378	2077.68178878983
2000.77456093069	2077.68178878983
2000.86631202357	2077.68178878983
2000.95806311646	2079.78802546237
2001.04981420935	2079.78802546237
2001.14156530223	2079.78802546237
2001.23331639512	2079.78802546237
2001.325067488	2079.78802546237
2001.41681858089	2079.78802546237
2001.50856967378	2083.27023595147
2001.60032076666	2083.27023595147
2001.69207185955	2089.7075831439
2001.78382295244	2089.7075831439
2001.87557404532	2105.27188909596
2001.96732513821	2162.76169454591
2002.05907623109	2335.3782085733
2002.15082732398	2565.62319336957
2002.24257841687	2818.50996679918
2002.33432950975	3072.63759438978
2002.42608060264	3331.50696805882
2002.51783169553	3613.12287791774
2002.60958278841	3882.46044142552
2002.7013338813	4121.05106417644
2002.79308497418	4128.1805675122
2002.88483606707	4133.39325791401
2002.97658715996	4136.3877943376
2003.06833825284	4148.86527312653
2003.16008934573	4165.52506605861
2003.25184043861	4207.57316139472
2003.3435915315	4224.55419044706
2003.43534262439	4244.16653037432
2003.52709371727	4248.76444276301
2003.61884481016	4279.88209447974
2003.71059590305	4329.38795885375
2003.80234699593	4375.4474404924
2003.89409808882	4605.25009339523
2003.9858491817	4616.38434831699
2004.07760027459	4616.38434831699
2004.16935136748	4616.38434831699
2004.26110246036	4616.38434831699
2004.35285355325	4616.38434831699
2004.44460464614	4637.20477726145
2004.53635573902	4658.83951760559
2004.62810683191	4662.17598114092
2004.71985792479	4663.86440485598
2004.81160901768	4674.5034030532
2004.90336011057	4694.20749138284
2004.99511120345	4719.61050957294
2005.08686229634	4722.91499902917
2005.17861338923	4731.71877846822
2005.27036448211	4741.1573612549
2005.362115575	4765.65045642576
2005.45386666788	4784.45761657217
2005.54561776077	4796.63308419097
2005.63736885366	4804.11189801114
2005.72911994654	4822.50578143187
2005.82087103943	4828.66875973344
2005.91262213231	4852.45467895329
2006.0043732252	4894.26208508002
2006.09612431809	4921.13041464665
2006.18787541097	4945.4227968872
2006.27962650386	4966.45066277544
2006.37137759675	4996.29200956697
2006.46312868963	5021.79634371444
2006.55487978252	5047.29940634123
2006.6466308754	5063.98746246365
2006.73838196829	5072.4129676572
2006.83013306118	5083.34358874706
2006.92188415406	5083.34358874706
2007.01363524695	5083.34358874706
2007.10538633984	5083.34358874706
2007.19713743272	5083.34358874706
2007.28888852561	5083.34358874706
2007.38063961849	5083.34358874706
2007.47239071138	5083.34358874706
2007.56414180427	5083.34358874706
2007.65589289715	5083.34358874706
2007.74764399004	5086.65612793618
2007.83939508292	5094.14810924231
2007.93114617581	5123.48852708939
2008.0228972687	5123.48852708939
2008.11464836158	5123.48852708939
2008.20639945447	5131.7378480266
2008.29815054736	5133.4815199874
2008.38990164024	5133.4815199874
2008.48165273313	5143.53936688121
2008.57340382601	5143.53936688121
2008.6651549189	5143.53936688121
2008.75690601179	5143.53936688121
2008.84865710467	5143.53936688121
2008.94040819756	5143.53936688121
2009.03215929045	5143.53936688121
2009.12391038333	5143.53936688121
2009.21566147622	5143.53936688121
2009.3074125691	5143.53936688121
2009.39916366199	5143.53936688121
2009.49091475488	5143.53936688121
2009.58266584776	5143.53936688121
2009.67441694065	5165.51199949015
2009.76616803353	5167.35332403852
2009.85791912642	5167.35332403852
2009.94967021931	5167.35332403852
2010.04142131219	5167.35332403852
2010.13317240508	5167.35332403852
2010.22492349797	5167.35332403852
2010.31667459085	5167.35332403852
2010.40842568374	5167.35332403852
2010.50017677662	5167.35332403852
2010.59192786951	5173.15609853928
2010.6836789624	5195.9270197193
2010.77543005528	5218.67925444752
2010.86718114817	5241.4124623559
2010.95893224106	5249.37328220132
2011.05068333394	5280.55819214528
2011.14243442683	5318.10723181557
2011.23418551971	5338.79091969267
2011.3259366126	5359.43945763825
2011.41768770549	5458.16989231362
2011.50943879837	5475.19873319556
2011.60118989126	5529.68954163267
2011.69294098415	5529.68954163267
2011.78469207703	5529.68954163267
2011.87644316992	5529.68954163267
2011.9681942628	5529.68954163267
2012.05994535569	5529.68954163267
2012.15169644858	5529.68954163267
2012.24344754146	5529.68954163267
2012.33519863435	5529.68954163267
2012.42694972723	5529.68954163267
2012.51870082012	5529.68954163267
2012.61045191301	5529.68954163267
2012.70220300589	5529.68954163267
2012.79395409878	5529.68954163267
2012.88570519167	5529.68954163267
2012.97745628455	5532.98975817262
2013.06920737744	5557.12489446938
2013.16095847032	5569.10873439452
2013.25270956321	5569.78054552414
2013.3444606561	5618.7754906873
2013.43621174898	5630.15375810003
2013.52796284187	5659.9826200848
2013.61971393476	5659.9826200848
2013.71146502764	5659.9826200848
2013.80321612053	5659.9826200848
2013.89496721341	5659.9826200848
2013.9867183063	5659.9826200848
2014.07846939919	5659.9826200848
2014.17022049207	5659.9826200848
2014.26197158496	5659.9826200848
2014.35372267785	5659.9826200848
2014.44547377073	5659.9826200848
2014.53722486362	5659.9826200848
2014.6289759565	5659.9826200848
2014.72072704939	5668.62868074664
2014.81247814228	5685.10453114564
2014.90422923516	5696.00094293081
2014.99598032805	5696.00094293081
2015.08773142093	5696.00094293081
2015.17948251382	5700.25187114496
2015.27123360671	5714.14027929462
2015.36298469959	5718.8284639845
2015.45473579248	5721.64631694447
2015.54648688537	5721.64631694447
2015.63823797825	5721.64631694447
2015.72998907114	5721.64631694447
2015.82174016402	5721.64631694447
2015.91349125691	5721.64631694447
2016.0052423498	5721.64631694447
2016.09699344268	5738.74083824578
2016.18874453557	5742.4833182971
2016.28049562846	5742.4833182971
2016.37224672134	5742.4833182971
2016.46399781423	5742.4833182971
2016.55574890711	5742.4833182971
2016.6475	5742.4833182971
