time	velocity	number_of_branches
1997.50482575862	343.462676490292	1.74
1997.60077901296	221.787633580347	2.56
1997.69673226731	357.752064067238	3.88
1997.79268552165	469.295342473717	7.26
1997.88863877599	338.590983997102	12.3
1997.98459203034	294.992947715153	18.18
1998.08054528468	332.125433143046	23.1
1998.17649853902	242.768456589185	28.53
1998.27245179336	202.460223633903	32.11
1998.36840504771	178.712363249544	32.73
1998.46435830205	167.721457572978	33.44
1998.56031155639	161.063846300086	34.62
1998.65626481073	155.501054591323	36.1
1998.75221806508	152.378579598544	37.43
1998.84817131942	152.198900364454	36.42
1998.94412457376	152.461541456079	34.02
1999.04007782811	159.292060710533	29.56
1999.13603108245	169.087149472873	26.82
1999.23198433679	199.386305762822	27.78
1999.32793759113	189.574023525533	33.88
1999.42389084548	195.324373807382	40.63
1999.51984409982	203.637673699868	47.53
1999.61579735416	215.67916550208	55.75
1999.7117506085	223.800970560538	63.49
1999.80770386285	228.274950242222	67.43
1999.90365711719	233.472754147655	70.13
1999.99961037153	239.218556447132	72.92
2000.09556362588	234.920198341369	81.54
2000.19151688022	251.252859193222	97.31
2000.28747013456	280.758093441591	169.71
2000.3834233889	315.940422931323	244.19
2000.47937664325	336.651134918575	307.2
2000.57532989759	350.454792483974	376.9
2000.67128315193	365.304767706468	485.56
2000.76723640628	367.579702908189	513.05
2000.86318966062	366.741739962715	521.39
2000.95914291496	367.223314436881	523.91
2001.0550961693	367.18515893418	523.86
2001.15104942365	367.397933024604	523.7
2001.24700267799	368.501188794705	509.92
2001.34295593233	367.880712518642	475.56
2001.43890918667	371.14657861158	465.22
2001.53486244102	398.865972982688	467.98
2001.63081569536	451.873531133557	377.16
2001.7267689497	464.792273781196	345.74
2001.82272220405	453.551311318869	332.42
2001.91867545839	429.267956524734	327.87
2002.01462871273	405.316751205374	324.44
2002.11058196707	365.486616652093	325.46
2002.20653522142	316.260072177838	342.87
2002.30248847576	282.970978122939	466.3
2002.3984417301	281.238227805832	469.05
2002.49439498444	277.543043287093	420.49
2002.59034823879	316.517939725527	386.4
2002.68630149313	312.199989844818	370.04
2002.78225474747	304.162467660241	366.29
2002.87820800182	293.218254027752	365.46
2002.97416125616	282.618394168636	365.09
2003.0701145105	271.053418093972	367.06
2003.16606776484	248.227624129612	368.9
2003.26202101919	234.826845210898	288.75
2003.35797427353	241.717142812482	233.79
2003.45392752787	223.770726125913	243.48
2003.54988078221	247.138912446014	225.18
2003.64583403656	243.173569216822	229.56
2003.7417872909	237.57610912001	231.53
2003.83774054524	234.16947085794	231.78
2003.93369379959	219.31290283747	240.72
2004.02964705393	206.974041027218	239.52
2004.12560030827	180.821289247835	227.63
2004.22155356261	166.385196626874	195.89
2004.31750681696	157.719795164441	159.93
2004.4134600713	157.080110288965	143.03
2004.50941332564	191.117195079775	131.71
2004.60536657999	187.869350131761	160.97
2004.70131983433	186.132718358952	189.29
2004.79727308867	187.747913317807	206.68
2004.89322634301	195.270604331401	204.58
2004.98917959736	204.498635583596	199.23
2005.0851328517	197.615747842317	196.32
2005.18108610604	187.303199561729	189.17
2005.27703936038	183.361226087239	187.88
2005.37299261473	182.521775860506	188
2005.46894586907	184.075105662775	183.69
2005.56489912341	195.061685318335	169.11
2005.66085237776	206.022031095733	140.86
2005.7568056321	208.949011856994	130.32
2005.85275888644	208.07884866764	127.83
2005.94871214078	201.71620727297	129.12
2006.04466539513	192.158601595436	123.99
2006.14061864947	211.600781823615	119.97
2006.23657190381	178.069046245507	110.67
2006.33252515815	185.15420810809	104.23
2006.4284784125	190.24153233113	102.49
2006.52443166684	208.463335778706	103.81
2006.62038492118	216.141110501836	104.39
2006.71633817553	228.043084044939	103.12
2006.81229142987	231.692143417894	110.58
2006.90824468421	232.328881667985	124.6
2007.00419793855	233.412717226699	139.52
2007.1001511929	206.524260214964	149.88
2007.19610444724	187.677653661913	133.19
2007.29205770158	184.587144320191	147.97
2007.38801095592	187.498517347172	163.65
2007.48396421027	192.414770949597	168.91
2007.57991746461	206.526844728684	168.89
2007.67587071895	215.340123160221	166.71
2007.7718239733	226.140860370877	160.8
2007.86777722764	232.618034433028	150.55
2007.96373048198	245.81603523073	137
2008.05968373632	246.664911801683	125.35
2008.15563699067	215.403386775082	104.74
2008.25159024501	197.193571176998	87.32
2008.34754349935	191.96072568153	69.41
2008.4434967537	184.13166797708	58.43
2008.53945000804	279.565766416447	53.73
2008.63540326238	287.686371489033	52.41
2008.73135651672	275.874643657981	58.87
2008.82730977107	272.785417224312	62.83
2008.92326302541	261.725025823092	72.18
2009.01921627975	253.795183308365	75.76
2009.11516953409	227.319371710873	72.11
2009.21112278844	184.656024440889	80.54
2009.30707604278	176.433084227101	85.27
2009.40302929712	176.585388571391	96.06
2009.49898255147	181.919335629619	103.72
2009.59493580581	189.97837244972	106.43
2009.69088906015	197.147014649894	106.37
2009.78684231449	202.408961954751	106.06
2009.88279556884	207.770021629869	105.34
2009.97874882318	209.535220224167	104.36
2010.07470207752	209.60229285587	108.72
2010.17065533186	217.769766869951	102.37
2010.26660858621	215.644106863253	102.4
2010.36256184055	221.773507945468	105.08
2010.45851509489	224.402205169066	109.55
2010.55446834924	205.550229181202	119.16
2010.65042160358	196.291705212318	134.27
2010.74637485792	187.044719482045	141.54
2010.84232811226	179.885598905192	144.56
2010.93828136661	172.223009745447	144.65
2011.03423462095	162.624152495275	140.77
2011.13018787529	155.54501063739	136.22
2011.22614112963	137.898196270914	129.97
2011.32209438398	135.340350431118	123.52
2011.41804763832	134.115637435615	114.25
2011.51400089266	132.558764365237	105.1
2011.60995414701	130.990641244773	81.43
2011.70590740135	136.314848782958	68.84
2011.80186065569	142.963670642998	62.49
2011.89781391003	163.078568758152	58.13
2011.99376716438	233.15589543212	62.16
2012.08972041872	255.441268848581	72.53
2012.18567367306	218.868266529551	77.49
2012.2816269274	204.388912763084	73.62
2012.37758018175	209.104355156294	70.5
2012.47353343609	214.4746274155	68.6
2012.56948669043	220.850353731463	66.96
2012.66543994478	227.720954070795	65.84
2012.76139319912	234.297438672865	64.9
2012.85734645346	239.198732037834	64.01
2012.9532997078	234.600782532037	60.16
2013.04925296215	115.079961992821	43.05
2013.14520621649	53.1049833210216	28
2013.24115947083	58.032840217552	25
2013.33711272518	57.6803376098792	26
2013.43306597952	57.7290285055554	26
2013.52901923386	57.793636123328	26
2013.6249724882	57.8831843474553	26
2013.72092574255	58.0150959502	26
2013.81687899689	58.2279272177181	26
2013.91283225123	58.6273572037215	26
2014.00878550557	46.2257883264669	28
2014.10473875992	39.9768745940891	18
2014.20069201426	34.8450269660823	11.03
2014.2966452686	61.435021544635	7.06
2014.39259852295	62.1036661400333	7.21
2014.48855177729	63.0450404172178	7.27
2014.58450503163	64.5854177988972	7.33
2014.68045828597	67.1078994219923	7.54
2014.77641154032	71.4377810050007	7.78
2014.87236479466	79.6115537523978	8.29
2014.968318049	89.4002914627122	8.04
2015.06427130334	109.053084206696	7.88
2015.16022455769	88.0063477236921	8.98
2015.25617781203	80.7467973007794	6.99
2015.35213106637	84.1178929653472	6.95
2015.44808432072	88.2744759641351	6.93
2015.54403757506	93.601389061182	6.9
2015.6399908294	100.885766823808	6.85
2015.73594408374	111.114748808517	6.76
2015.83189733809	127.095776691966	6.64
2015.92785059243	153.139279087736	6.47
2016.02380384677	181.164774495317	5.15
2016.11975710112	207.151869726715	2
2016.21571035546	253.979357712258	1
2016.3116636098	254.046708845385	1
2016.40761686414	254.113680119643	1
2016.50357011849	254.18027254439	1
2016.59952337283	254.246487118722	1
