time	velocity	number_of_branches
1998.51487872158	533.38298882886	0
1998.6057690538	545.048764627434	0
1998.69665938603	631.520928983667	2
1998.78754971825	904.450284859372	6
1998.87844005047	764.788936852457	12
1998.96933038269	772.644561188557	16
1999.06022071492	751.023064431828	20
1999.15111104714	730.066284113683	22
1999.24200137936	723.467268133706	24
1999.33289171159	723.669890077276	24
1999.42378204381	716.90555172859	25
1999.51467237603	717.160696241167	24
1999.60556270825	613.583680933528	24
1999.69645304048	615.156776751503	26
1999.7873433727	497.214571086519	24
1999.87823370492	360.248658224905	22
1999.96912403714	333.37546557708	17
2000.06001436937	276.657870358205	12
2000.15090470159	424.853125941892	13
2000.24179503381	341.966739088769	15
2000.33268536603	318.293839229852	20
2000.42357569826	293.789366562383	24
2000.51446603048	322.44305623906	30
2000.6053563627	343.839310321063	36
2000.69624669492	351.086375188664	41
2000.78713702715	339.765927040455	41.5
2000.87802735937	357.780438213724	43
2000.96891769159	368.267275626185	45
2001.05980802382	371.544696771796	50.5
2001.15069835604	392.94486301887	58
2001.24158868826	626.313696461037	89.5
2001.33247902048	719.341353647091	164
2001.42336935271	734.00652262869	188.5
2001.51425968493	700.01920349635	222
2001.60515001715	687.962499728317	295
2001.69604034937	650.628617219362	314
2001.7869306816	645.942589717575	319
2001.87782101382	639.485643790855	318.5
2001.96871134604	637.457799135523	319
2002.05960167826	640.600608437926	315.5
2002.15049201049	640.323032613099	309
2002.24138234271	584.761818022602	288
2002.33227267493	477.514253684738	251
2002.42316300716	485.871024456335	247
2002.51405333938	478.349607560723	260
2002.6049436716	432.270529020176	189
2002.69583400382	431.5823131923	173
2002.78672433605	444.623477749351	166
2002.87761466827	445.180709382703	164
2002.96850500049	448.780947960626	167
2003.05939533271	452.898816080823	169.5
2003.15028566494	462.20236753022	175
2003.24117599716	482.727121018515	231.5
2003.33206632938	493.83072962568	258
2003.4229566616	496.499253974382	238.5
2003.51384699383	477.506876668188	216
2003.60473732605	480.828285210172	197
2003.69562765827	480.048863140995	196
2003.7865179905	485.491038574293	196
2003.87740832272	490.157173263351	195
2003.96829865494	487.770987710665	192.5
2004.05918898716	490.446252497258	199.5
2004.15007931939	461.311711456556	203
2004.24096965161	455.122940649172	143.5
2004.33185998383	411.020231098891	115.5
2004.42275031605	412.925946638653	118
2004.51364064828	219.594414310738	100
2004.6045309805	218.885237269065	102
2004.69542131272	218.116423146225	103
2004.78631164494	215.52610012638	101
2004.87720197717	210.430445645399	104
2004.96809230939	210.424269600173	106
2005.05898264161	150.839797452309	101.5
2005.14987297383	156.934613096404	90
2005.24076330606	150.371890332291	77
2005.33165363828	138.936009835901	70
2005.4225439705	126.291097600286	66
2005.51343430273	156.100543905733	65.5
2005.60432463495	152.632256710822	88
2005.69521496717	153.707707255821	91.5
2005.78610529939	155.483202954667	98
2005.87699563162	157.970311909395	96
2005.96788596384	153.686165304105	96
2006.05877629606	152.141994927923	89.5
2006.14966662828	171.705382689157	86
2006.24055696051	172.828614855067	87
2006.33144729273	174.897845340497	88
2006.42233762495	179.319867234761	87
2006.51322795717	170.388032834949	83
2006.6041182894	171.039107430264	64
2006.69500862162	175.651066326008	64
2006.78589895384	178.633338129082	58
2006.87678928607	182.990689656541	58
2006.96767961829	210.58395444831	56
2007.05856995051	232.782034654298	55
2007.14946028273	393.0788494894	51
2007.24035061496	441.634542625919	44
2007.33124094718	503.122407346272	40
2007.4221312794	611.967717528124	41
2007.51302161162	998.868398097614	41
2007.60391194385	984.257419080635	44
2007.69480227607	1076.10122128996	41
2007.78569260829	933.755590774778	46.5
2007.87658294051	865.84816617522	55
2007.96747327274	823.820175414457	60.5
2008.05836360496	787.65557008243	62
2008.14925393718	787.937910708349	57
2008.2401442694	584.85243020206	57.5
2008.33103460163	506.726276491507	63
2008.42192493385	497.023756797444	64
2008.51281526607	155.153738388028	64
2008.6037055983	154.441952461769	62
2008.69459593052	152.602724022226	60
2008.78548626274	145.601177887261	55.5
2008.87637659496	132.349145417894	50
2008.96726692719	122.674115338778	44
2009.05815725941	113.750056854593	41
2009.14904759163	127.058570472189	39
2009.23993792385	135.632351196401	37
2009.33082825608	138.309021517041	33
2009.4217185883	143.702735282228	29.5
2009.51260892052	135.890440278875	27
2009.60349925274	138.998389005315	26
2009.69438958497	145.952493334306	32
2009.78527991719	181.093102106842	37.5
2009.87617024941	196.152903182183	42.5
2009.96706058164	216.447994482189	47
2010.05795091386	233.434126040393	46.5
2010.14884124608	248.154401213684	43
2010.2397315783	260.010716065577	44
2010.33062191053	269.966616821164	47
2010.42151224275	280.288186034782	49
2010.51240257497	299.769452089421	50
2010.60329290719	302.353866321142	50
2010.69418323942	299.688671034959	48
2010.78507357164	289.373648842259	46
2010.87596390386	293.560028788781	45
2010.96685423608	282.933595808192	43.5
2011.05774456831	266.636696470252	48
2011.14863490053	249.627129321751	45
2011.23952523275	303.086277043442	48
2011.33041556497	307.206154888441	48
2011.4213058972	312.483312079576	51
2011.51219622942	302.984926043179	56
2011.60308656164	290.725564173829	62
2011.69397689387	295.901320911074	64.5
2011.78486722609	288.252752302054	66
2011.87575755831	280.616649496232	64.5
2011.96664789053	280.436911268168	61
2012.05753822276	279.110309053465	60
2012.14842855498	284.091384108302	55
2012.2393188872	233.867889250437	51
2012.33020921942	221.724075980059	48
2012.42109955165	211.820884891686	44
2012.51198988387	204.045666815729	36.5
2012.60288021609	218.103890026919	29.5
2012.69377054831	213.767686618545	25
2012.78466088054	219.226544958606	23
2012.87555121276	223.395713574569	21
2012.96644154498	297.402724463821	21
2013.05733187721	351.315683172445	29
2013.14822220943	357.751460784682	36
2013.23911254165	346.97308628858	37
2013.33000287387	348.190277560128	35
2013.4208932061	357.19749864377	35
2013.51178353832	360.389424853309	32
2013.60267387054	361.43507670291	32
2013.69356420276	362.424093965221	32
2013.78445453499	363.954746575899	32
2013.87534486721	368.686225394245	32
2013.96623519943	318.376930800577	31
2014.05712553165	244.707651766495	22
2014.14801586388	44.9022572826621	12
2014.2389061961	44.8774829245088	12
2014.32979652832	44.8780629922656	12
2014.42068686054	44.8786408267739	12
2014.51157719277	44.8792164285158	12
2014.60246752499	44.8797897987555	12
2014.69335785721	44.8803609363977	12
2014.78424818944	44.8809298442144	12
2014.87513852166	44.8814965201577	12
2014.96602885388	49.1718265852554	14
2015.0569191861	55.4884800295732	11
2015.14780951833	49.9198012233747	10
2015.23869985055	115.551143207593	4
2015.32959018277	115.579058428071	4
2015.42048051499	115.606876723382	4
2015.51137084722	115.6345982612	4
2015.60226117944	115.662223208657	4
2015.69315151166	115.689751732208	4
2015.78404184388	115.717183996432	4
2015.87493217611	115.744520208717	4
2015.96582250833	302.315020048179	3
2016.05671284055	302.536123735919	3
2016.14760317278	225.304456078623	4
2016.238493505	208.854461133182	3
2016.32938383722	209.060320963343	3
2016.42027416944	209.264672580411	3
2016.51116450167	209.467523715255	3
2016.60205483389	209.668882039898	3
