time	95%HPD_lower_value	95%HPD_higher_value
1997.49313355554	NA	NA
1997.58890538776	0	0
1997.68467721998	0	0
1997.78044905221	0	0
1997.87622088443	0	37.1428262736932
1997.97199271665	0	84.671432921401
1998.06776454887	0	116.619084087138
1998.1635363811	0	167.725220118891
1998.25930821332	0	199.570702583972
1998.35508004554	0	249.509483344826
1998.45085187776	0	307.671550754779
1998.54662370999	0	355.112145613276
1998.64239554221	0	473.298029366144
1998.73816737443	56.591164660505	683.662716138689
1998.83393920665	84.41695955479	778.059768547609
1998.92971103887	76.496044714103	836.879718626927
1999.0254828711	86.4548052352242	895.711837572226
1999.12125470332	96.4177693561567	954.555211819402
1999.21702653554	151.65873046307	1013.40892801327
1999.31279836776	167.344509429496	1072.27207286716
1999.40857019999	199.747851119863	1135.91262205845
1999.50434203221	291.856958110761	1253.60630307834
1999.60011386443	360.066717146319	1347.02429219888
1999.69588569665	391.982810703891	1405.21379085109
1999.79165752888	464.8379649744	1493.6226731188
1999.8874293611	509.637927662035	1521.38496480098
1999.98320119332	583.40859474385	1627.32912402876
2000.07897302554	666.202475801447	1727.93548272422
2000.17474485776	744.275485203204	1791.24586933433
2000.27051668999	829.669748295394	2163.85157627069
2000.36628852221	902.73438112504	2806.04263455449
2000.46206035443	960.751701438952	3257.68656069431
2000.55783218665	1077.72572754379	3331.00884494314
2000.65360401888	1277.35559253972	3511.55453289612
2000.7493758511	1355.7355000635	3659.0771706248
2000.84514768332	1450.97541843494	4139.72833773106
2000.94091951554	1640.10011923139	4296.58383819033
2001.03669134777	2380.28370009201	4336.21785210472
2001.13246317999	2380.28370009201	4439.06907750924
2001.22823501221	2380.28370009201	5148.66774208271
2001.32400684443	2394.95526602939	5153.57734833879
2001.41977867665	2445.8232345607	5162.27730527172
2001.51555050888	2550.8602782907	5197.68399233996
2001.6113223411	3020.9314169341	5386.67305228513
2001.70709417332	3533.8434681134	5402.69317866239
2001.80286600554	3603.06366636447	5418.7136453788
2001.89863783777	3741.6379994949	5584.6617721198
2001.99440966999	3806.11599550673	5707.20737320891
2002.09018150221	3818.15990266096	5801.06347888014
2002.18595333443	3745.25121907093	5801.06347888014
2002.28172516665	3792.27752041762	5905.0732147126
2002.37749699888	3839.20067433101	6072.94363048135
2002.4732688311	3886.01974840934	6187.70845115436
2002.56904066332	3984.31802816596	6340.1076714014
2002.66481249554	3976.08475718281	6350.88727243409
2002.76058432777	4095.21228973776	6643.33514665589
2002.85635615999	4111.08372921875	6639.20551731475
2002.95212799221	4132.56298761563	6682.6434724158
2003.04789982443	4208.55303165076	6802.41756549205
2003.14367165666	4211.23454108757	6802.41756549205
2003.23944348888	4213.91622804344	6802.41756549205
2003.3352153211	4216.59809242705	6802.41756549205
2003.43098715332	4219.28013414708	6802.41756549205
2003.52675898554	4221.96235311245	6802.41756549205
2003.62253081777	4374.12218413515	6908.08077250462
2003.71830264999	4396.46041964856	6908.08077250462
2003.81407448221	4302.03066068249	6802.41756549205
2003.90984631443	4396.46041964856	6802.41756549205
2004.00561814666	4549.01412293891	6908.08077250462
2004.10138997888	4551.35791812116	6908.08077250462
2004.1971618111	4551.35791812116	6908.08077250462
2004.29293364332	4608.11113966001	6908.08077250462
2004.38870547555	4582.32294447364	6863.20556251667
2004.48447730777	4688.22155690932	6974.94937678353
2004.58024913999	4802.76862363632	6974.94937678353
2004.67602097221	4956.33319057101	7003.1186134203
2004.77179280443	4956.33319057101	7003.1186134203
2004.86756463666	4956.33319057101	7003.1186134203
2004.96333646888	4956.33319057101	7003.1186134203
2005.0591083011	4956.33319057101	7003.1186134203
2005.15488013332	4956.33319057101	7003.1186134203
2005.25065196555	4956.33319057101	7003.1186134203
2005.34642379777	4956.33319057101	7003.1186134203
2005.44219562999	4956.33319057101	7003.1186134203
2005.53796746221	4956.33319057101	7006.90476212723
2005.63373929444	4956.33319057101	7014.4023155182
2005.72951112666	4956.33319057101	7021.89979616142
2005.82528295888	4956.33319057101	7029.39720282546
2005.9210547911	4956.33319057101	7036.89453427931
2006.01682662332	4956.33319057101	7044.39178929228
2006.11259845555	4956.33319057101	7051.88896663267
2006.20837028777	4956.33319057101	7059.38606506941
2006.30414211999	4956.33319057101	7066.88308337088
2006.39991395221	4956.33319057101	7074.38002030572
2006.49568578444	4956.33319057101	7081.87687464216
2006.59145761666	4956.33319057101	7090.08830945391
2006.68722944888	4956.33319057101	7103.58137527127
2006.7830012811	4956.33319057101	7117.08142025087
2006.87877311333	4956.33319057101	7130.5884257782
2006.97454494555	4956.33319057101	7144.10237326904
2007.07031677777	4956.33319057101	7165.23758217862
2007.16608860999	4956.33319057101	7171.151019956
2007.26186044221	4956.33319057101	7184.68568213495
2007.35763227444	4956.33319057101	7198.22721224301
2007.45340410666	4956.33319057101	7211.77559184682
2007.54917593888	4956.33319057101	7225.33080254303
2007.6449477711	4956.33319057101	7238.89282595805
2007.74071960333	4956.33319057101	7252.46164374825
2007.83649143555	4956.33319057101	7266.03723759976
2007.93226326777	4956.33319057101	7279.61958922829
2008.02803509999	4956.33319057101	7293.20868037924
2008.12380693222	4956.33319057101	7306.80449282762
2008.21957876444	4956.33319057101	7320.40700837775
2008.31535059666	4956.33319057101	7334.01620886354
2008.41112242888	4956.33319057101	7347.63207614821
2008.5068942611	4956.33319057101	7361.25459212411
2008.60266609333	4956.33319057101	7374.88373871296
2008.69843792555	4956.33319057101	7388.51949786559
2008.79420975777	4956.33319057101	7402.1618515618
2008.88998158999	4956.33319057101	7415.81078181045
2008.98575342222	4956.33319057101	7429.46627064937
2009.08152525444	4956.33319057101	7443.12830014511
2009.17729708666	4956.33319057101	7456.79685239313
2009.27306891888	4956.33319057101	7470.47190951758
2009.3688407511	4981.78334326227	7505.59539728307
2009.46461258333	4981.78334326227	7511.12854063855
2009.56038441555	4956.33319057101	7511.53593181963
2009.65615624777	4956.33319057101	7525.23683026261
2009.75192807999	4956.33319057101	7538.9441446308
2009.84769991222	4956.33319057101	7552.65785721911
2009.94347174444	4981.78334326227	7582.98977610629
2010.03924357666	4981.78334326227	7582.98977610629
2010.13501540888	4974.08307216767	7582.98977610629
2010.23078724111	4987.68096000903	7582.98977610629
2010.32655907333	5001.11135095668	7582.98977610629
2010.42233090555	5003.14914648088	7582.98977610629
2010.51810273777	5003.14914648088	7582.98977610629
2010.61387457	5003.14914648088	7582.98977610629
2010.70964640222	5010.09236525866	7582.98977610629
2010.80541823444	5022.8199934698	7582.98977610629
2010.90119006666	5035.55155877587	7582.98977610629
2010.99696189888	5048.28704960788	7582.98977610629
2011.09273373111	5061.02645440574	7582.98977610629
2011.18850556333	5073.76976161821	7582.98977610629
2011.28427739555	5073.76976161821	7582.98977610629
2011.38004922777	5073.76976161821	7582.98977610629
2011.47582106	5073.76976161821	7582.98977610629
2011.57159289222	5073.76976161821	7582.98977610629
2011.66736472444	5073.76976161821	7582.98977610629
2011.76313655666	5073.76976161821	7582.98977610629
2011.85890838889	5073.76976161821	7582.98977610629
2011.95468022111	5073.76976161821	7582.98977610629
2012.05045205333	5073.76976161821	7582.98977610629
2012.14622388555	5073.76976161821	7582.98977610629
2012.24199571777	5073.76976161821	7582.98977610629
2012.33776755	5073.76976161821	7582.98977610629
2012.43353938222	5073.76976161821	7582.98977610629
2012.52931121444	5073.76976161821	7582.98977610629
2012.62508304666	5073.76976161821	7603.64856137008
2012.72085487889	5073.76976161821	7603.64856137008
2012.81662671111	5073.76976161821	7603.64856137008
2012.91239854333	5073.76976161821	7603.64856137008
2013.00817037555	5073.76976161821	7603.64856137008
2013.10394220777	5073.76976161821	7603.64856137008
2013.19971404	5073.76976161821	7603.64856137008
2013.29548587222	5073.76976161821	7603.64856137008
2013.39125770444	5073.76976161821	7603.64856137008
2013.48702953666	5073.76976161821	7603.64856137008
2013.58280136889	5073.76976161821	7603.64856137008
2013.67857320111	5073.76976161821	7603.64856137008
2013.77434503333	5073.76976161821	7603.64856137008
2013.87011686555	5073.76976161821	7603.64856137008
2013.96588869778	5073.76976161821	7603.64856137008
2014.06166053	5073.76976161821	7603.64856137008
2014.15743236222	5073.76976161821	7603.64856137008
2014.25320419444	5073.76976161821	7603.64856137008
2014.34897602666	5073.76976161821	7617.60746285055
2014.44474785889	5073.76976161821	7636.80434619311
2014.54051969111	5073.76976161821	7655.98665942034
2014.63629152333	5073.76976161821	7675.15435023001
2014.73206335555	5073.76976161821	7694.30736621619
2014.82783518778	5123.99527933678	7745.31179841167
2014.92360702	5123.99527933678	7745.31179841167
2015.01937885222	5123.99527933678	7751.67783960871
2015.11515068444	5123.99527933678	7770.77163015208
2015.21092251667	5094.17789237985	7745.31179841167
2015.30669434889	5094.17789237985	7745.31179841167
2015.40246618111	5094.17789237985	7745.31179841167
2015.49823801333	5094.17789237985	7745.31179841167
2015.59400984555	5094.17789237985	7745.31179841167
2015.68978167778	5094.17789237985	7745.31179841167
2015.78555351	5094.17789237985	7745.31179841167
2015.88132534222	5094.17789237985	7745.31179841167
2015.97709717444	5094.17789237985	7745.31179841167
2016.07286900667	5094.17789237985	7745.31179841167
2016.16864083889	5094.17789237985	7745.31179841167
2016.26441267111	5094.17789237985	7745.31179841167
2016.36018450333	5094.17789237985	7745.31179841167
2016.45595633556	5094.17789237985	7745.31179841167
2016.55172816778	5094.17789237985	7745.31179841167
2016.6475	5094.17789237985	7745.31179841167
