time	distance
1998.29728142358	0
1998.38903251646	0.296236043258999
1998.48078360934	0.524879567127569
1998.57253470223	1.12855657416697
1998.66428579511	3.29526058888331
1998.75603688799	8.98106253981115
1998.84778798087	14.6277285103017
1998.93953907375	20.39962113197
1999.03129016664	34.0275867634061
1999.12304125952	48.4803333129429
1999.2147923524	68.4952784633675
1999.30654344528	99.7930358788199
1999.39829453817	133.474821461785
1999.49004563105	157.545125099655
1999.58179672393	180.517751779078
1999.67354781681	204.12613966829
1999.76529890969	229.071168927453
1999.85705000258	256.006592024336
1999.94880109546	283.518354641007
2000.04055218834	313.013558847477
2000.13230328122	344.428748945742
2000.2240543741	375.876176035677
2000.31580546699	406.523297658249
2000.40755655987	437.957704381871
2000.49930765275	470.128399418346
2000.59105874563	511.306704540613
2000.68280983851	547.024425899884
2000.7745609314	582.308975122318
2000.86631202428	634.718751601693
2000.95806311716	691.907076947441
2001.04981421004	757.027914179092
2001.14156530293	881.054414385423
2001.23331639581	1030.53254274016
2001.32506748869	1219.99139299455
2001.41681858157	1438.84508399594
2001.50856967445	1675.33387317546
2001.60032076734	1930.19798066942
2001.69207186022	2195.80637029689
2001.7838229531	2496.7826865241
2001.87557404598	2800.41443923218
2001.96732513886	3077.52976075691
2002.05907623175	3170.03112989411
2002.15082732463	3234.11636183713
2002.24257841751	3276.59731358648
2002.33432951039	3292.40381849265
2002.42608060327	3311.94429944038
2002.51783169616	3357.0424919548
2002.60958278904	3453.31783551244
2002.70133388192	3594.60615057654
2002.7930849748	3623.78993216708
2002.88483606769	3668.44578410324
2002.97658716057	3702.2332296578
2003.06833825345	3720.2775392143
2003.16008934633	3732.48324842725
2003.25184043921	3744.85437453022
2003.3435915321	3758.89881137622
2003.43534262498	3773.80288561149
2003.52709371786	3789.78411084733
2003.61884481074	3806.74297821776
2003.71059590362	3824.05292796782
2003.80234699651	3841.47289234022
2003.89409808939	3859.854965247
2003.98584918227	3862.52909086672
2004.07760027515	3866.58392759105
2004.16935136803	3871.09217900955
2004.26110246092	3876.06264456277
2004.3528535538	3883.77678093403
2004.44460464668	3894.01648290221
2004.53635573956	3906.88414553047
2004.62810683244	3920.91418062521
2004.71985792533	3936.59289839613
2004.81160901821	3952.15952946537
2004.90336011109	3968.85374287447
2004.99511120397	3971.64017276369
2005.08686229686	3979.83468065661
2005.17861338974	4000.19319655939
2005.27036448262	4000.19319655939
2005.3621155755	4000.19319655939
2005.45386666838	4000.19319655939
2005.54561776127	4000.19319655939
2005.63736885415	4000.19319655939
2005.72911994703	4000.19319655939
2005.82087103991	4000.19319655939
2005.91262213279	4000.19319655939
2006.00437322568	4000.19319655939
2006.09612431856	4000.19319655939
2006.18787541144	4000.19319655939
2006.27962650432	4000.19319655939
2006.3713775972	4000.19319655939
2006.46312869009	4000.19319655939
2006.55487978297	4000.19319655939
2006.64663087585	4000.19319655939
2006.73838196873	4000.19319655939
2006.83013306162	4000.19319655939
2006.9218841545	4000.19319655939
2007.01363524738	4000.19319655939
2007.10538634026	4000.19319655939
2007.19713743314	4000.19319655939
2007.28888852603	4000.19319655939
2007.38063961891	4000.19319655939
2007.47239071179	4000.19319655939
2007.56414180467	4000.19319655939
2007.65589289755	4000.19319655939
2007.74764399044	4000.19319655939
2007.83939508332	4000.19319655939
2007.9311461762	4000.19319655939
2008.02289726908	4000.19319655939
2008.11464836196	4000.19319655939
2008.20639945485	4000.19319655939
2008.29815054773	4000.19319655939
2008.38990164061	4000.19319655939
2008.48165273349	4000.19319655939
2008.57340382638	4000.19319655939
2008.66515491926	4000.19319655939
2008.75690601214	4000.19319655939
2008.84865710502	4000.19319655939
2008.9404081979	4000.19319655939
2009.03215929079	4000.19319655939
2009.12391038367	4000.19319655939
2009.21566147655	4000.19319655939
2009.30741256943	4000.19319655939
2009.39916366231	4000.19319655939
2009.4909147552	4000.19319655939
2009.58266584808	4000.19319655939
2009.67441694096	4000.19319655939
2009.76616803384	4000.19319655939
2009.85791912672	4000.19319655939
2009.94967021961	4000.19319655939
2010.04142131249	4000.19319655939
2010.13317240537	4000.19319655939
2010.22492349825	4000.19319655939
2010.31667459114	4000.19319655939
2010.40842568402	4000.19319655939
2010.5001767769	4000.19319655939
2010.59192786978	4000.19319655939
2010.68367896266	4000.19319655939
2010.77543005555	4000.19319655939
2010.86718114843	4000.19319655939
2010.95893224131	4000.19319655939
2011.05068333419	4000.19319655939
2011.14243442707	4000.19319655939
2011.23418551996	4000.19319655939
2011.32593661284	4000.19319655939
2011.41768770572	4000.19319655939
2011.5094387986	4000.19319655939
2011.60118989148	4000.19319655939
2011.69294098437	4000.19319655939
2011.78469207725	4000.19319655939
2011.87644317013	4000.19319655939
2011.96819426301	4000.19319655939
2012.0599453559	4000.19319655939
2012.15169644878	4000.19319655939
2012.24344754166	4000.19319655939
2012.33519863454	4000.19319655939
2012.42694972742	4000.19319655939
2012.51870082031	4000.19319655939
2012.61045191319	4000.19319655939
2012.70220300607	4000.19319655939
2012.79395409895	4000.19319655939
2012.88570519183	4000.19319655939
2012.97745628472	4000.19319655939
2013.0692073776	4000.19319655939
2013.16095847048	4000.19319655939
2013.25270956336	4000.19319655939
2013.34446065624	4000.19319655939
2013.43621174913	4000.19319655939
2013.52796284201	4000.19319655939
2013.61971393489	4000.19319655939
2013.71146502777	4000.19319655939
2013.80321612065	4000.19319655939
2013.89496721354	4000.19319655939
2013.98671830642	4000.19319655939
2014.0784693993	4000.19319655939
2014.17022049218	4000.19319655939
2014.26197158507	4000.19319655939
2014.35372267795	4000.19319655939
2014.44547377083	4000.19319655939
2014.53722486371	4000.19319655939
2014.62897595659	4000.19319655939
2014.72072704948	4000.19319655939
2014.81247814236	4000.19319655939
2014.90422923524	4000.19319655939
2014.99598032812	4000.19319655939
2015.087731421	4000.19319655939
2015.17948251389	4000.19319655939
2015.27123360677	4000.19319655939
2015.36298469965	4000.19319655939
2015.45473579253	4000.19319655939
2015.54648688541	4000.19319655939
2015.6382379783	4000.19319655939
2015.72998907118	4000.19319655939
2015.82174016406	4000.19319655939
2015.91349125694	4000.19319655939
2016.00524234983	4000.19319655939
2016.09699344271	4000.19319655939
2016.18874453559	4000.19319655939
2016.28049562847	4000.19319655939
2016.37224672135	4000.19319655939
2016.46399781424	4000.19319655939
2016.55574890712	4000.19319655939
2016.6475	4000.19319655939
