time	95%HPD_lower_value	95%HPD_higher_value
1997.32098142353	NA	NA
1997.41761401641	0	0
1997.51424660929	0	0
1997.61087920218	0	0.527219875883992
1997.70751179506	0	15.9453993667647
1997.80414438794	0	31.3649799107785
1997.90077698082	0	84.584524298579
1997.99740957371	0	121.082335580818
1998.09404216659	0	151.416523973024
1998.19067475947	0	238.550002267048
1998.28730735235	0	295.46005145204
1998.38393994524	0	413.789133578524
1998.48057253812	0	547.253079995673
1998.577205131	0	611.167350955978
1998.67383772388	0	629.997804149566
1998.77047031677	0	673.264656463436
1998.86710290965	112.059980381379	771.712739663507
1998.96373550253	132.411552003604	858.131818869017
1999.06036809541	144.25893007534	895.139983337377
1999.15700068829	170.238773018926	932.120460746023
1999.25363328118	191.306554546284	1030.09044196427
1999.35026587406	212.361082243847	1097.99269343416
1999.44689846694	238.139678215625	1226.89036502959
1999.54353105982	295.36247691963	1418.49011220497
1999.64016365271	295.594798015782	1536.65053108852
1999.73679624559	300.688421068888	1728.86937924128
1999.83342883847	300.688421068888	1829.34605727829
1999.93006143135	334.681485936193	1881.98902208061
2000.02669402424	362.022447355532	1927.52397557026
2000.12332661712	377.685373745838	1997.54621661255
2000.21995921	664.824931479742	2431.57451755631
2000.31659180288	849.27504067088	2673.15675265168
2000.41322439577	1097.24440840365	2852.21571091434
2000.50985698865	1228.49744219817	3162.12115609436
2000.60648958153	1305.3546318193	3461.86316705514
2000.70312217441	1407.85010804959	3759.6339724953
2000.79975476729	1614.79270918158	4052.36546529598
2000.89638736018	2259.4801000291	4707.92558046764
2000.99301995306	3213.70925647517	4705.94977113411
2001.08965254594	3976.70664310897	5002.4154404721
2001.18628513882	3976.70664310897	5002.4154404721
2001.28291773171	3976.70664310897	5002.4154404721
2001.37955032459	3976.70664310897	5002.4154404721
2001.47618291747	3976.70664310897	5002.4154404721
2001.57281551035	3976.70664310897	5002.4154404721
2001.66944810324	4020.45831253757	5327.81590308378
2001.76608069612	3976.70664310897	5356.62780368245
2001.862713289	3976.70664310897	5376.16859513826
2001.95934588188	4035.0784545865	5446.84465186114
2002.05597847477	4035.0784545865	5618.54318333129
2002.15261106765	4118.55935987069	5713.36007136967
2002.24924366053	4118.55935987069	5805.13133103372
2002.34587625341	4118.55935987069	5840.37053592612
2002.44250884629	4118.55935987069	5875.66518246122
2002.53914143918	4143.06428928388	5938.93799500341
2002.63577403206	4143.84495295769	6002.98279810474
2002.73240662494	4143.84495295769	6066.86359099482
2002.82903921782	4143.84495295769	6144.51210404216
2002.92567181071	4143.84495295769	6277.93657993359
2003.02230440359	4149.87096609528	6452.7342921092
2003.11893699647	4149.87096609528	6452.7342921092
2003.21556958935	4149.87096609528	6452.7342921092
2003.31220218224	4149.87096609528	6465.28136155905
2003.40883477512	4149.87096609528	6546.64772552223
2003.505467368	4149.87096609528	6675.34582374663
2003.60209996088	4419.46794658665	7207.0610986787
2003.69873255377	4419.46794658665	7237.47998627285
2003.79536514665	4266.86666970696	7152.8626298767
2003.89199773953	4266.86666970696	7255.03061321596
2003.98863033241	4419.46794658665	7521.16389505168
2004.08526292529	4266.86666970696	7521.16389505168
2004.18189551818	4266.86666970696	7521.16389505168
2004.27852811106	4266.86666970696	7521.16389505168
2004.37516070394	4266.86666970696	7521.16389505168
2004.47179329682	4266.86666970696	7521.16389505168
2004.56842588971	4419.46794658665	7677.23770834769
2004.66505848259	4419.46794658665	7677.23770834769
2004.76169107547	4436.07393158885	7684.50330597387
2004.85832366835	4525.23176856305	7751.31455676956
2004.95495626124	4613.92950937181	7817.87139710745
2005.05158885412	4625.91390080316	7884.85326738902
2005.148221447	4618.33920469464	7950.20992034401
2005.24485403988	4625.91390080316	8015.98557575957
2005.34148663277	4693.95849846431	8111.29512581714
2005.43811922565	4749.69789690397	8186.06590515812
2005.53475181853	4805.26405762732	8260.47392495767
2005.63138441141	4450.24522293058	7880.47398255694
2005.72801700429	4507.84849670418	7880.47398255694
2005.82464959718	4565.24743925193	7880.47398255694
2005.92128219006	4565.24743925193	7880.47398255694
2006.01791478294	4603.08947429733	7880.47398255694
2006.11454737582	4655.61431632987	7880.47398255694
2006.21117996871	4708.08847431085	7880.47398255694
2006.30781256159	4748.29299674168	7880.47398255694
2006.40444515447	4748.29299674168	7880.47398255694
2006.50107774735	4748.29299674168	7880.47398255694
2006.59771034024	4748.29299674168	7880.47398255694
2006.69434293312	4748.29299674168	7880.47398255694
2006.790975526	4748.29299674168	7880.47398255694
2006.88760811888	4748.29299674168	7880.47398255694
2006.98424071176	4748.29299674168	7880.47398255694
2007.08087330465	4748.29299674168	7880.47398255694
2007.17750589753	4748.29299674168	7880.47398255694
2007.27413849041	4748.29299674168	7880.47398255694
2007.37077108329	4748.29299674168	7880.47398255694
2007.46740367618	4748.29299674168	7880.47398255694
2007.56403626906	4748.29299674168	7880.47398255694
2007.66066886194	4748.29299674168	7880.47398255694
2007.75730145482	4748.29299674168	7880.47398255694
2007.85393404771	4748.29299674168	7880.47398255694
2007.95056664059	4748.29299674168	7880.47398255694
2008.04719923347	4748.29299674168	7880.47398255694
2008.14383182635	4748.29299674168	7880.47398255694
2008.24046441924	4748.29299674168	7880.47398255694
2008.33709701212	4748.29299674168	7923.62832317013
2008.433729605	4748.29299674168	8001.56086323048
2008.53036219788	4748.29299674168	8079.48555456124
2008.62699479076	4785.94696501988	8157.40013817617
2008.72362738365	4785.94696501988	8157.40013817617
2008.82025997653	4785.94696501988	8157.40013817617
2008.91689256941	4785.94696501988	8157.40013817617
2009.01352516229	5113.87256629159	8481.47348147791
2009.11015775518	5113.87256629159	8481.47348147791
2009.20679034806	5113.87256629159	8481.47348147791
2009.30342294094	5113.87256629159	8481.47348147791
2009.40005553382	5113.87256629159	8481.47348147791
2009.49668812671	5113.87256629159	8481.47348147791
2009.59332071959	5113.87256629159	8481.47348147791
2009.68995331247	5110.88144817911	8481.47348147791
2009.78658590535	5113.87256629159	8481.47348147791
2009.88321849824	5113.87256629159	8481.47348147791
2009.97985109112	5113.87256629159	8481.47348147791
2010.076483684	5113.87256629159	8481.47348147791
2010.17311627688	5113.87256629159	8481.47348147791
2010.26974886976	5113.87256629159	8481.47348147791
2010.36638146265	5113.87256629159	8481.47348147791
2010.46301405553	5113.87256629159	8481.47348147791
2010.55964664841	5113.87256629159	8481.47348147791
2010.65627924129	5133.18220950519	8481.47348147791
2010.75291183418	5133.18220950519	8481.47348147791
2010.84954442706	5133.18220950519	8481.47348147791
2010.94617701994	5133.18220950519	8481.47348147791
2011.04280961282	5133.18220950519	8481.47348147791
2011.13944220571	5133.18220950519	8482.82751261352
2011.23607479859	5221.28896077185	8614.03825346563
2011.33270739147	5221.28896077185	8614.03825346563
2011.42933998435	5221.28896077185	8633.6423263632
2011.52597257724	5221.28896077185	8683.79987543027
2011.62260517012	5144.02128625153	8614.03825346563
2011.719237763	5144.02128625153	8614.03825346563
2011.81587035588	5144.02128625153	8614.03825346563
2011.91250294876	5144.02128625153	8614.03825346563
2012.00913554165	5144.02128625153	8614.03825346563
2012.10576813453	5158.61664364084	8614.03825346563
2012.20240072741	5205.90882348937	8614.03825346563
2012.29903332029	5221.28896077185	8614.03825346563
2012.39566591318	5221.28896077185	8614.03825346563
2012.49229850606	5221.28896077185	8614.03825346563
2012.58893109894	5221.28896077185	8614.03825346563
2012.68556369182	5221.28896077185	8614.03825346563
2012.78219628471	5221.28896077185	8614.03825346563
2012.87882887759	5221.28896077185	8614.03825346563
2012.97546147047	5221.28896077185	8614.03825346563
2013.07209406335	5221.28896077185	8614.03825346563
2013.16872665624	5221.28896077185	8614.03825346563
2013.26535924912	5221.28896077185	8614.03825346563
2013.361991842	5221.28896077185	8614.03825346563
2013.45862443488	5221.28896077185	8614.03825346563
2013.55525702776	5221.28896077185	8614.03825346563
2013.65188962065	5221.28896077185	8614.03825346563
2013.74852221353	5221.28896077185	8614.03825346563
2013.84515480641	5221.28896077185	8614.03825346563
2013.94178739929	5221.28896077185	8614.03825346563
2014.03841999218	5221.28896077185	8614.03825346563
2014.13505258506	5221.28896077185	8614.03825346563
2014.23168517794	5221.28896077185	8614.03825346563
2014.32831777082	5221.28896077185	8614.03825346563
2014.42495036371	5221.28896077185	8614.03825346563
2014.52158295659	5221.28896077185	8614.03825346563
2014.61821554947	5221.28896077185	8614.03825346563
2014.71484814235	5221.28896077185	8614.03825346563
2014.81148073524	5221.28896077185	8614.03825346563
2014.90811332812	5221.28896077185	8614.03825346563
2015.004745921	5221.28896077185	8614.03825346563
2015.10137851388	5221.28896077185	8614.03825346563
2015.19801110676	5221.28896077185	8614.03825346563
2015.29464369965	5221.28896077185	8614.03825346563
2015.39127629253	5221.28896077185	8614.03825346563
2015.48790888541	5221.28896077185	8614.03825346563
2015.58454147829	5221.28896077185	8614.03825346563
2015.68117407118	5221.28896077185	8614.03825346563
2015.77780666406	5221.28896077185	8614.03825346563
2015.87443925694	5221.28896077185	8614.03825346563
2015.97107184982	5221.28896077185	8614.03825346563
2016.06770444271	5221.28896077185	8614.03825346563
2016.16433703559	5221.28896077185	8614.03825346563
2016.26096962847	5221.28896077185	8614.03825346563
2016.35760222135	5221.28896077185	8614.03825346563
2016.45423481424	5221.28896077185	8614.03825346563
2016.55086740712	5221.28896077185	8614.03825346563
2016.6475	5221.28896077185	8614.03825346563
