time	velocity	number_of_branches
1997.36929771989	399.204471316448	0
1997.46593031277	382.633852456783	0
1997.56256290566	335.491007641821	0
1997.65919549854	320.541119652315	0
1997.75582809142	477.366978946455	2
1997.8524606843	585.306108730216	6
1997.94909327719	559.6242936125	18
1998.04572587007	570.686481309174	22
1998.14235846295	550.09260410973	28
1998.23899105584	522.143879724312	32
1998.33562364872	516.730711905912	32
1998.4322562416	536.42358692081	34
1998.52888883448	536.346627651963	36
1998.62552142737	463.02007478467	37
1998.72215402025	467.511483032713	38
1998.81878661313	420.09733983947	39
1998.91541920602	347.462046302523	37
1999.0120517989	316.989031674011	32
1999.10868439178	270.232676897679	28
1999.20531698466	252.40725554422	26
1999.30194957755	256.684290801826	27
1999.39858217043	285.738385516841	35
1999.49521476331	329.230146793684	43.5
1999.59184735619	385.958248179367	52
1999.68847994908	419.485994917152	60.5
1999.78511254196	419.364903410849	63
1999.88174513484	440.766202917019	63.5
1999.97837772773	455.472469725199	64
2000.07501032061	470.34081485622	75.5
2000.17164291349	515.237851654376	89
2000.26827550637	729.905513236726	121
2000.36490809926	775.046989144328	226.5
2000.46154069214	795.336130015022	282.5
2000.55817328502	783.36216844548	357.5
2000.6548058779	777.295600016524	494.5
2000.75143847079	740.231965354692	516
2000.84807106367	739.146923866598	521.5
2000.94470365655	738.486956618565	528
2001.04133624944	743.345713897806	531
2001.13796884232	735.513155117657	525.5
2001.2346014352	819.207826307256	513
2001.33123402808	766.638990217962	486
2001.42786662097	751.221614444277	465
2001.52449921385	746.751057845256	452
2001.62113180673	680.483476563718	375
2001.71776439961	685.815998672099	333
2001.8143969925	687.009879702116	328
2001.91102958538	696.9384269596	324
2002.00766217826	692.508933882209	328
2002.10429477115	688.429489908665	329
2002.20092736403	647.056939547448	343.5
2002.29755995691	517.981414645281	476
2002.39419254979	517.444613818129	466
2002.49082514268	513.869102662529	420.5
2002.58745773556	448.409799852978	397.5
2002.68409032844	436.766716736596	375
2002.78072292133	440.518517465895	373
2002.87735551421	439.617886859681	370
2002.97398810709	436.044820579498	369
2003.07062069997	436.741581895765	374
2003.16725329286	434.790701912955	372
2003.26388588574	388.629820450294	285
2003.36051847862	348.120756345841	228
2003.4571510715	349.044870120729	246
2003.55378366439	294.598339772623	226
2003.65041625727	295.152972875574	229
2003.74704885015	293.259916585271	229
2003.84368144304	292.481493967476	226.5
2003.94031403592	286.721352348175	235
2004.0369466288	272.242978510953	235
2004.13357922168	229.862812076889	213
2004.23021181457	236.639467231953	190
2004.32684440745	241.385620420047	158
2004.42347700033	238.091927882275	140
2004.52010959321	206.477404580458	128.5
2004.6167421861	224.98603889041	174
2004.71337477898	239.683504867296	197
2004.81000737186	236.824952423113	205
2004.90663996475	240.935444083851	206
2005.00327255763	241.999519311341	198
2005.09990515051	249.776224466508	190
2005.19653774339	249.354937504878	192
2005.29317033628	253.749070126387	188
2005.38980292916	251.86458995732	190.5
2005.48643552204	256.547237839758	188
2005.58306811493	251.009533924851	172
2005.67970070781	232.781120787839	148
2005.77633330069	223.140486305015	137
2005.87296589357	226.252495656938	132
2005.96959848646	238.725110244835	130
2006.06623107934	269.893656433079	123
2006.16286367222	278.641314237062	124
2006.2594962651	294.311354975102	110
2006.35612885799	317.560428862511	103
2006.45276145087	375.858938062112	101.5
2006.54939404375	516.955166050553	103
2006.64602663664	514.175964711751	106
2006.74265922952	532.463098944786	108
2006.8392918224	502.007207757917	120
2006.93592441528	504.113001413783	132
2007.03255700817	493.235233770518	145
2007.12918960105	488.044489830233	141.5
2007.22582219393	508.304859860168	139.5
2007.32245478681	490.773445418191	155
2007.4190873797	474.274928188846	164
2007.51571997258	283.1373538269	166
2007.61235256546	283.934450496487	168
2007.70898515835	288.138828133238	167
2007.80561775123	282.386715664219	157
2007.90225034411	276.839219435831	145
2007.99888293699	270.388927100869	130
2008.09551552988	274.451643463324	114
2008.19214812276	215.492949359796	98
2008.28878071564	184.880081660201	83
2008.38541330852	179.240363876072	71
2008.48204590141	168.126646924753	59
2008.57867849429	192.852337698024	54
2008.67531108717	191.093726446976	51
2008.77194368006	192.503928184489	54
2008.86857627294	198.211058612524	61
2008.96520886582	213.184610792192	77
2009.0618414587	230.379241168417	75
2009.15847405159	207.406746414542	71
2009.25510664447	207.568100518093	81.5
2009.35173923735	246.359608704274	88
2009.44837183023	254.480386090994	97
2009.54500442312	256.962905883616	99
2009.641637016	253.521829624653	101.5
2009.73826960888	270.112601038318	102
2009.83490220177	273.237954696236	105
2009.93153479465	274.361100445315	105
2010.02816738753	274.637595422494	110
2010.12479998041	293.274116543332	115
2010.2214325733	323.68514152431	106
2010.31806516618	330.000837409523	108
2010.41469775906	322.930206504148	107
2010.51133035195	316.843871067641	111
2010.60796294483	325.553981127401	129
2010.70459553771	314.248634420251	140
2010.80122813059	297.636727107419	144.5
2010.89786072348	289.330963748922	141
2010.99449331636	292.281134707877	138
2011.09112590924	280.253611219483	135
2011.18775850212	273.361290234821	130
2011.28439109501	265.203344428657	123
2011.38102368789	252.295375570751	116.5
2011.47765628077	250.081912986919	111
2011.57428887366	250.467148744933	96
2011.67092146654	232.577596068461	77
2011.76755405942	229.243351642177	61.5
2011.8641866523	237.71324712248	56
2011.96081924519	263.144415049783	57
2012.05745183807	261.525878693371	68
2012.15408443095	195.885738586944	74
2012.25071702383	181.386208144349	72.5
2012.34734961672	182.791108665237	70
2012.4439822096	183.226718353959	69
2012.54061480248	184.85182014602	66.5
2012.63724739537	186.551679956393	66
2012.73387998825	189.11963200117	64
2012.83051258113	191.948470437182	64
2012.92714517401	197.701657815882	61
2013.0237777669	158.52715257908	46
2013.12041035978	123.13559097866	37
2013.21704295266	72.3026790296951	26
2013.31367554555	72.9287069680331	26
2013.41030813843	72.9585114480649	26
2013.50694073131	72.9880872881056	26
2013.60357332419	73.0112481968749	26
2013.70020591708	73.0256420358265	26
2013.79683850996	73.0399272803692	26
2013.89347110284	73.0541042247306	26
2013.99010369572	74.5227367993931	28
2014.08673628861	79.7785383262383	20
2014.18336888149	59.171166252309	13
2014.28000147437	72.4118979225042	7
2014.37663406726	72.1388874369226	7
2014.47326666014	72.0166508178271	7
2014.56989925302	71.359381526469	7
2014.6665318459	71.3716277068212	7
2014.76316443879	68.5601428051134	7
2014.85979703167	67.2805515342559	10
2014.95642962455	72.2815975256993	9
2015.05306221743	76.9063418429148	8
2015.14969481032	65.7070288999538	10
2015.2463274032	51.4786953788118	7
2015.34295999608	51.4718054828477	7
2015.43959258897	51.4648961632421	7
2015.53622518185	51.4579673974381	7
2015.63285777473	51.4510191615682	7
2015.72949036761	51.4440514325229	7
2015.8261229605	51.6967077791737	7
2015.92275555338	51.6907183575258	6
2016.01938814626	30.4257355369633	5
2016.11602073914	31.1456673004744	2
2016.21265333203	200.670484317315	1
2016.30928592491	200.593340100346	1
2016.40591851779	200.516000727709	1
2016.50255111068	200.438465943479	1
2016.59918370356	200.360735490826	1
