time	95%HPD_lower_value	95%HPD_higher_value
1997.66675923449	NA	NA
1997.76166293832	0	0
1997.85656664215	0	0
1997.95147034597	0	25.6743230999479
1998.0463740498	0	72.105373417042
1998.14127775363	0	128.599334443184
1998.23618145746	0	220.326846936719
1998.33108516128	0	244.109196943806
1998.42598886511	0	380.686505623999
1998.52089256894	0	433.821012259647
1998.61579627277	0	508.402493463617
1998.71069997659	0	527.692317329508
1998.80560368042	52.2344478207691	614.096985616177
1998.90050738425	95.9850015186514	682.566586361544
1998.99541108808	111.889744487072	707.234587712529
1999.0903147919	122.89735807771	735.733536393531
1999.18521849573	137.351883204214	782.76138886042
1999.28012219956	158.083691293927	892.78381502392
1999.37502590339	197.80183791396	1002.31731772519
1999.46992960721	244.235936328771	1125.26112426652
1999.56483331104	274.429346785631	1203.98691774008
1999.65973701487	289.141582503031	1245.84184979256
1999.7546407187	340.980123260943	1287.66111799973
1999.84954442252	416.451910400084	1434.99545290567
1999.94444812635	491.962652601715	1538.06892673612
2000.03935183018	567.510322227429	1636.99151387499
2000.13425553401	643.092893538487	1650.57505136306
2000.22915923783	718.708342199815	1898.27287015238
2000.32406294166	833.825839990191	2911.66228716158
2000.41896664549	933.365468546604	3512.14338990477
2000.51387034932	1028.66011466407	3645.55977838783
2000.60877405314	1104.80817450995	3684.10324165664
2000.70367775697	1209.84371598631	3933.68873105218
2000.7985814608	1288.54356719222	3994.28042528609
2000.89348516463	1533.46789274757	4260.48080745519
2000.98838886845	2048.74848953963	4303.70669531841
2001.08329257228	2559.39218020855	4470.29042601267
2001.17819627611	2717.86920834569	4822.92858537731
2001.27309997994	2717.86920834569	4878.95982111725
2001.36800368376	2717.86920834569	4784.85345495432
2001.46290738759	2827.14249557115	4811.50071235385
2001.55781109142	2940.00068804803	4838.13937259097
2001.65271479525	3443.60056802414	5102.76961846697
2001.74761849907	3773.51305163636	5158.6416630315
2001.8425222029	3835.91862759213	5293.52149916213
2001.93742590673	3943.34411192858	5566.4885186872
2002.03232961056	3943.34411192858	5563.65566901524
2002.12723331438	3943.34411192858	5563.65566901524
2002.22213701821	3965.30005614464	5563.65566901524
2002.31704072204	4036.8334278817	5563.65566901524
2002.41194442587	4075.12741566158	5563.65566901524
2002.5068481297	4056.33593441016	5561.77334486443
2002.60175183352	4126.22990750666	5580.58057230227
2002.69665553735	4151.8090147192	5704.4945066751
2002.79155924118	4302.25035127811	5838.86218573482
2002.88646294501	4382.02288413465	5838.86218573482
2002.98136664883	4395.34216031661	5838.86218573482
2003.07627035266	4551.22715847531	5985.42214536119
2003.17117405649	4466.64779667118	5916.66958424919
2003.26607776032	4495.54226183578	5985.78609367752
2003.36098146414	4597.07123613686	6065.72502842641
2003.45588516797	4651.38813633718	6091.66135752036
2003.5507888718	4680.67240960655	6117.57969671622
2003.64569257563	4691.96827652341	6143.47994816561
2003.74059627945	4691.96827652341	6176.8230696384
2003.83549998328	4691.96827652341	6214.85812987551
2003.93040368711	4691.96827652341	6216.83598933918
2004.02530739094	4730.8759197942	6290.75280513469
2004.12021109476	4756.90769480354	6328.61163461253
2004.21511479859	4786.09162055932	6366.41093197784
2004.31001850242	4838.19060450188	6404.15029997463
2004.40492220625	4920.8328000419	6441.82933953925
2004.49982591007	5010.24163664889	6479.44764979388
2004.5947296139	5066.06009640835	6517.00482803842
2004.68963331773	5161.6239017531	6519.70969107005
2004.78453702156	5170.09060060158	6527.17392517454
2004.87944072538	5170.09060060158	6534.64032227146
2004.97434442921	5170.09060060158	6534.64032227146
2005.06924813304	5170.09060060158	6534.64032227146
2005.16415183687	5170.09060060158	6554.48119071676
2005.25905554069	5207.68539240864	6640.28161854899
2005.35395924452	5207.68539240864	6675.76808655118
2005.44886294835	5207.68539240864	6736.24747501578
2005.54376665218	5170.09060060158	6732.86677816021
2005.638670356	5170.09060060158	6763.67020075061
2005.73357405983	5292.94149457719	6917.01503513414
2005.82847776366	5292.94149457719	6917.01503513414
2005.92338146749	5292.94149457719	6917.01503513414
2006.01828517131	5292.94149457719	6917.01503513414
2006.11318887514	5292.94149457719	6917.01503513414
2006.20809257897	5292.94149457719	6917.01503513414
2006.3029962828	5292.94149457719	6917.01503513414
2006.39789998662	5292.94149457719	6917.01503513414
2006.49280369045	5292.94149457719	6917.01503513414
2006.58770739428	5292.94149457719	6917.01503513414
2006.68261109811	5292.94149457719	6929.35903045521
2006.77751480193	5341.0039446719	7010.52985224798
2006.87241850576	5341.0039446719	7010.52985224798
2006.96732220959	5341.0039446719	7045.27177006236
2007.06222591342	5341.0039446719	7083.83636966182
2007.15712961725	5341.0039446719	7122.36390742235
2007.25203332107	5341.0039446719	7160.85403775848
2007.3469370249	5170.09060060158	7010.52985224798
2007.44184072873	5170.09060060158	7032.76303580828
2007.53674443256	5170.09060060158	7067.35740625889
2007.63164813638	5170.09060060158	7101.98813886616
2007.72655184021	5170.09060060158	7101.98813886616
2007.82145554404	5170.09060060158	7126.31038269806
2007.91635924787	5170.09060060158	7164.06399831725
2008.01126295169	5170.09060060158	7201.78964758029
2008.10616665552	5170.09060060158	7239.48700122777
2008.20107035935	5170.09060060158	7277.15572844535
2008.29597406318	5170.09060060158	7314.79549684292
2008.390877767	5170.09060060158	7352.40597243372
2008.48578147083	5520.96764748162	7703.60722774014
2008.58068517466	5520.96764748162	7713.43398279887
2008.67558887849	5520.96764748162	7754.99251170194
2008.77049258231	5520.96764748162	7796.51247483894
2008.86539628614	5520.96764748162	7837.99337283023
2008.96029998997	5520.96764748162	7879.43470330352
2009.0552036938	5520.96764748162	7920.83596085374
2009.15010739762	5292.94149457719	7703.60722774014
2009.24501110145	5292.94149457719	7703.60722774014
2009.33991480528	5292.94149457719	7726.82496222964
2009.43481850911	5292.94149457719	7764.09069564291
2009.52972221293	5292.94149457719	7801.32299602624
2009.62462591676	5292.94149457719	7838.52150666837
2009.71952962059	5292.94149457719	7838.52150666837
2009.81443332442	5239.09144175914	7781.49749672582
2009.90933702824	5252.16153955028	7781.49749672582
2010.00424073207	5265.2363655391	7781.49749672582
2010.0991444359	5278.31590608731	7781.49749672582
2010.19404813973	5291.40014756973	7781.49749672582
2010.28895184355	5292.94149457719	7781.49749672582
2010.38385554738	5292.94149457719	7781.49749672582
2010.47875925121	5292.94149457719	7781.49749672582
2010.57366295504	5305.94278355075	7781.49749672582
2010.66856665886	5353.67085631034	7781.49749672582
2010.76347036269	5353.67085631034	7781.49749672582
2010.85837406652	5353.67085631034	7781.49749672582
2010.95327777035	5353.67085631034	7781.49749672582
2011.04818147417	5353.67085631034	7781.49749672582
2011.143085178	5353.67085631034	7781.49749672582
2011.23798888183	5353.67085631034	7781.49749672582
2011.33289258566	5353.67085631034	7781.49749672582
2011.42779628948	5353.67085631034	7781.49749672582
2011.52269999331	5353.67085631034	7781.49749672582
2011.61760369714	5353.67085631034	7781.49749672582
2011.71250740097	5353.67085631034	7781.49749672582
2011.8074111048	5353.67085631034	7781.49749672582
2011.90231480862	5353.67085631034	7781.49749672582
2011.99721851245	5353.67085631034	7781.49749672582
2012.09212221628	5353.67085631034	7781.49749672582
2012.18702592011	5353.67085631034	7781.49749672582
2012.28192962393	5353.67085631034	7781.49749672582
2012.37683332776	5353.67085631034	7781.49749672582
2012.47173703159	5353.67085631034	7781.49749672582
2012.56664073542	5353.67085631034	7781.49749672582
2012.66154443924	5353.67085631034	7781.49749672582
2012.75644814307	5353.67085631034	7781.49749672582
2012.8513518469	5353.67085631034	7781.49749672582
2012.94625555073	5353.67085631034	7781.49749672582
2013.04115925455	5353.67085631034	7781.49749672582
2013.13606295838	5353.67085631034	7781.49749672582
2013.23096666221	5353.67085631034	7781.49749672582
2013.32587036604	5353.67085631034	7781.49749672582
2013.42077406986	5353.67085631034	7781.49749672582
2013.51567777369	5353.67085631034	7781.49749672582
2013.61058147752	5353.67085631034	7781.49749672582
2013.70548518135	5353.67085631034	7781.49749672582
2013.80038888517	5353.67085631034	7781.49749672582
2013.895292589	5353.67085631034	7781.49749672582
2013.99019629283	5353.67085631034	7781.49749672582
2014.08509999666	5353.67085631034	7781.49749672582
2014.18000370048	5353.67085631034	7781.49749672582
2014.27490740431	5353.67085631034	7781.49749672582
2014.36981110814	5353.67085631034	7781.49749672582
2014.46471481197	5353.67085631034	7781.49749672582
2014.55961851579	5353.67085631034	7781.49749672582
2014.65452221962	5353.67085631034	7781.49749672582
2014.74942592345	5353.67085631034	7781.49749672582
2014.84432962728	5353.67085631034	7781.49749672582
2014.9392333311	5353.67085631034	7781.49749672582
2015.03413703493	5353.67085631034	7781.49749672582
2015.12904073876	5353.67085631034	7781.49749672582
2015.22394444259	5353.67085631034	7781.49749672582
2015.31884814641	5353.67085631034	7781.49749672582
2015.41375185024	5353.67085631034	7781.49749672582
2015.50865555407	5353.67085631034	7781.49749672582
2015.6035592579	5353.67085631034	7781.49749672582
2015.69846296172	5353.67085631034	7781.49749672582
2015.79336666555	5353.67085631034	7781.49749672582
2015.88827036938	5353.67085631034	7781.49749672582
2015.98317407321	5353.67085631034	7781.49749672582
2016.07807777703	5353.67085631034	7781.49749672582
2016.17298148086	5353.67085631034	7781.49749672582
2016.26788518469	5353.67085631034	7781.49749672582
2016.36278888852	5353.67085631034	7781.49749672582
2016.45769259234	5353.67085631034	7781.49749672582
2016.55259629617	5353.67085631034	7781.49749672582
2016.6475	5353.67085631034	7781.49749672582
