time	95%HPD_lower_value	95%HPD_higher_value
1997.7142110862	65.140189039315	1737.82689552516
1997.80911479003	37.9621436609059	868.95696696722
1997.90401849386	136.379760057895	616.978923729635
1997.99892219769	101.165783802189	657.730804485743
1998.09382590152	128.699663409897	534.134298063748
1998.18872960535	125.472044153909	459.175999243681
1998.28363330918	123.162377043408	374.521158516543
1998.378537013	121.446441819568	329.415697979248
1998.47344071683	133.100613882847	312.998588561693
1998.56834442066	128.03919980662	296.444050475778
1998.66324812449	72.1051518633757	314.795298651963
1998.75815182832	79.158127243544	301.3111553667
1998.85305553215	55.3519716164109	301.174326938278
1998.94795923598	32.4529916802883	308.085511203871
1999.0428629398	4.42197836134647	324.361723806059
1999.13776664363	56.0497060206281	370.666855758746
1999.23267034746	220.424062755726	481.469128627665
1999.32757405129	171.773236151165	380.947653464805
1999.42247775512	167.895036752336	342.129425017789
1999.51738145895	177.084448270831	313.318549564855
1999.61228516278	165.194325999713	289.409781505939
1999.7071888666	173.37301862338	291.230291334481
1999.80209257043	158.11034108279	279.153026038305
1999.89699627426	157.723070964491	290.757994102773
1999.99189997809	139.923475591234	277.377666491885
2000.08680368192	135.212587474682	285.692523820899
2000.18170738575	123.736169645224	291.399924927555
2000.27661108958	140.454043341723	309.284462021678
2000.3715147934	169.89707728928	356.047012648342
2000.46641849723	197.967122062231	380.334710063887
2000.56132220106	204.517796439638	386.701939560929
2000.65622590489	231.516893136196	378.755503059549
2000.75112960872	253.106998185514	381.556288942125
2000.84603331255	254.820697028553	362.218179288671
2000.94093701638	256.901546435932	348.345111636591
2001.0358407202	255.169532091937	344.050263539408
2001.13074442403	258.953685755829	343.619176295984
2001.22564812786	260.6593774174	336.648363986521
2001.32055183169	258.711078271662	333.899059742681
2001.41545553552	257.72695080097	322.602247623508
2001.51035923935	254.528755208079	338.616486279664
2001.60526294317	276.028531163399	353.253871995173
2001.700166647	285.339579388806	375.759880897856
2001.79507035083	280.129127627616	371.017286419757
2001.88997405466	273.668871221355	367.776774506435
2001.98487775849	253.614798760996	350.015134322616
2002.07978146232	240.968590248592	345.129632701243
2002.17468516615	214.680185103625	308.56873811879
2002.26958886997	209.812218252063	294.048782763996
2002.3644925738	207.371925010933	305.67757957255
2002.45939627763	213.381247543347	306.516610843152
2002.55429998146	249.922208672355	351.713398708559
2002.64920368529	250.998527224069	348.293002442947
2002.74410738912	242.057838835266	338.871971167023
2002.83901109295	233.914715339284	334.699378401577
2002.93391479677	216.210532659888	315.387522067115
2003.0288185006	211.912420306067	307.243976668271
2003.12372220443	210.143181179274	297.827485714949
2003.21862590826	194.623671148532	273.848910702204
2003.31352961209	191.514912566135	260.378755708614
2003.40843331592	182.294118777613	251.59356768443
2003.50333701975	191.373646933481	246.873338182368
2003.59824072357	188.852102882531	240.248393828492
2003.6931444274	187.754974322307	242.703498877498
2003.78804813123	181.827039513114	235.787313524476
2003.88295183506	173.204384163569	223.583440814318
2003.97785553889	168.33055332744	217.920859259923
2004.07275924272	158.549138129176	210.439352576957
2004.16766294655	154.61703026879	207.566076968122
2004.26256665037	146.57086406561	209.470591158985
2004.3574703542	132.058579476832	209.971176578095
2004.45237405803	127.363131448498	207.49286099391
2004.54727776186	154.177728702359	232.19948168576
2004.64218146569	142.558450653852	213.810009375949
2004.73708516952	145.951532052104	214.051508353729
2004.83198887335	142.366053669928	208.50258302039
2004.92689257717	145.012905335154	212.569962504243
2005.021796281	137.417394702951	205.852859867571
2005.11669998483	120.877167898274	180.601377046299
2005.21160368866	145.233627105818	201.468998259132
2005.30650739249	143.185007494923	198.233670035655
2005.40141109632	138.385514698875	195.709677596345
2005.49631480015	137.513030865257	194.974035155769
2005.59121850397	141.4963910923	209.721071739767
2005.6861222078	148.809475970927	221.507725022863
2005.78102591163	150.601508916069	223.044627268305
2005.87592961546	145.474605162385	230.882569745451
2005.97083331929	137.959964404485	237.207700508205
2006.06573702312	136.848555053611	253.562841891766
2006.16064072695	120.242211601903	216.845732387215
2006.25554443077	122.195901006178	217.528372856707
2006.3504481346	114.88673487018	222.765992254833
2006.44535183843	130.032835163553	244.104249824003
2006.54025554226	195.903238568907	297.268668937567
2006.63515924609	207.030166841677	313.701381479766
2006.73006294992	208.40180055947	329.297889791269
2006.82496665375	212.20926338802	351.420358436873
2006.91987035757	214.790084670308	335.044112021542
2007.0147740614	194.903733055608	325.04110314501
2007.10967776523	182.610568534671	281.098577706803
2007.20458146906	159.447001898494	261.61790655944
2007.29948517289	140.737998787855	234.438714826233
2007.39438887672	123.147438145302	223.194124195607
2007.48929258054	115.340845738229	195.524031166673
2007.58419628437	116.344322284603	190.007897776566
2007.6790999882	119.872671158115	193.796434150885
2007.77400369203	118.997742473122	195.105843458
2007.86890739586	116.155275867055	202.694295714667
2007.96381109969	103.800344313764	190.619397484747
2008.05871480352	99.229003214836	188.157878538817
2008.15361850734	101.464884956294	172.193100915309
2008.24852221117	78.8036483412035	149.230917811281
2008.343425915	82.0728951959673	151.686635933948
2008.43832961883	84.5349649873878	161.411143455571
2008.53323332266	86.9846062144995	156.979279238864
2008.62813702649	81.1898063276487	155.779754096273
2008.72304073032	80.802959243115	166.102299955048
2008.81794443414	84.105553765752	181.83092541548
2008.91284813797	86.2556035714583	193.906886158052
2009.0077518418	96.7588972190906	208.914125090235
2009.10265554563	97.8330620464155	223.57875414527
2009.19755924946	98.3695061040022	183.260682000576
2009.29246295329	93.7566855699421	185.833214408109
2009.38736665712	96.6860025794321	204.725224921998
2009.48227036094	96.8801381804138	210.7153204011
2009.57717406477	100.263615869628	222.354608642197
2009.6720777686	108.47885340666	237.124822529011
2009.76698147243	110.762423379637	256.475179582083
2009.86188517626	112.374411849144	276.717254091746
2009.95678888009	134.028399578082	300.605283549787
2010.05169258392	128.220097019554	275.715391753505
2010.14659628774	135.143269955388	272.597113675418
2010.24149999157	113.794346965556	235.846802060458
2010.3364036954	107.888718828544	234.195934338729
2010.43130739923	118.29548536506	249.412034842112
2010.52621110306	102.604510045921	227.807191901858
2010.62111480689	103.886294722478	226.230973902812
2010.71601851072	97.6013613772833	236.687666213437
2010.81092221454	112.096240987529	255.214753127452
2010.90582591837	110.5490628004	256.17564032184
2011.0007296222	98.8582200703059	236.685655082597
2011.09563332603	94.057327053907	229.288143560441
2011.19053702986	74.4852632575593	211.845813058458
2011.28544073369	65.7177677462286	185.459169454797
2011.38034443752	67.3862516335125	190.095909039096
2011.47524814134	59.5676591015263	197.684832061848
2011.57015184517	68.6156212141158	200.598292480172
2011.665055549	54.611223703275	203.990122708337
2011.75995925283	62.3127168580632	241.222130815178
2011.85486295666	58.1604098008634	291.157651125642
2011.94976666049	57.2967524319368	350.410241224347
2012.04467036432	158.191621194419	402.964262547461
2012.13957406814	136.342970911907	321.195293090571
2012.23447777197	131.29002522745	324.686819570223
2012.3293814758	127.599200005889	347.275048466199
2012.42428517963	122.031793424974	357.742500506515
2012.51918888346	121.428784628242	368.051898225424
2012.61409258729	120.573824426066	363.832612928539
2012.70899629112	118.216202356796	358.610189622994
2012.80389999494	117.008863791105	349.722196176988
2012.89880369877	107.919547699553	331.734989809399
2012.9937074026	86.80089992746	285.31815981408
2013.08861110643	35.2822315691565	102.460604345653
2013.18351481026	36.7936961872552	69.8795842768279
2013.27841851409	34.9235694908258	62.3679569127661
2013.37332221792	34.9717524578471	62.3773599143341
2013.46822592174	35.0333502592413	62.3879734906833
2013.56312962557	35.1150558381795	62.4004076849954
2013.6580333294	35.2289007855213	62.415759138187
2013.75293703323	35.3989041968744	62.4362171078567
2013.84784073706	35.6809543737899	62.4668756102541
2013.94274444089	31.5093921717692	57.4721503135912
2014.03764814471	39.0104226480256	69.0198469668697
2014.13255184854	36.1965844492571	78.593806190054
2014.22745555237	72.533517999336	109.17466372541
2014.3223592562	73.0600898639787	110.450715648026
2014.41726296003	73.4632415911672	111.469504672394
2014.51216666386	73.994173257681	112.81472478156
2014.60707036769	74.7283448109262	114.679156388859
2014.70197407151	75.8151464836957	117.444452265252
2014.79687777534	75.8158543623108	118.92918435642
2014.89178147917	81.0626573265851	128.901796767393
2014.986685183	189.61683772703	414.990458603665
2015.08158888683	213.27664757948	491.463936627694
2015.17649259066	64.5864985723484	130.004128968213
2015.27139629449	60.9177039398888	125.859518989221
2015.36629999831	59.5729469473633	122.909222577698
2015.46120370214	57.8241665399272	119.035415548008
2015.55610740597	55.458820532137	113.752843931891
2015.6510111098	52.0244022614268	106.163452677251
2015.74591481363	46.5596060304281	94.5926537253008
2015.84081851746	36.7868713200431	78.3016864427397
2015.93572222129	14.0200346805294	41.8150073845525
2016.03062592511	12.8399080615366	40.5763688376597
2016.12552962894	7.36742390526734	43.0818654210766
2016.22043333277	13.6171444348352	395.766707414843
2016.3153370366	13.6172255821283	395.874446791432
2016.41024074043	13.6173067167706	395.981212588146
2016.50514444426	13.6173878400921	396.087006141311
2016.60004814809	13.6174689500395	396.191828755493
