time	95%HPD_lower_value	95%HPD_higher_value
1999.28599396971	42.5675125685202	260.596080073269
1999.3730190626	42.6052164180575	260.625806687845
1999.46004415548	59.7419592447343	425.762800373037
1999.54706924836	68.2002584570128	483.851148954198
1999.63409434125	61.783432341762	589.040947168591
1999.72111943413	61.7721147858886	804.009257958542
1999.80814452701	64.311484534522	969.6794973999
1999.8951696199	59.6723922519373	806.056514518668
1999.98219471278	50.7950509164799	570.328880637686
2000.06921980566	45.5306766243055	434.595896809394
2000.15624489855	42.0465415467162	350.875147839879
2000.24326999143	42.8965459662512	280.803766118249
2000.33029508432	37.7196388121645	232.806624650087
2000.4173201772	36.284242610486	209.980030435076
2000.50434527008	35.0379949632863	196.545890078718
2000.59137036297	30.9135720506976	191.746085765149
2000.67839545585	30.9136905797984	177.061148571907
2000.76542054873	30.9138090700637	189.513905362987
2000.85244564162	30.9139275221783	198.769291493613
2000.9394707345	18.5744389603649	191.738899738722
2001.02649582738	30.182693932	253.183270414691
2001.11352092027	30.9142826426614	222.213758041871
2001.20054601315	25.3686917481422	218.476907544476
2001.28757110604	24.7379322719016	243.590778154406
2001.37459619892	23.9998654932593	229.641481895511
2001.4616212918	23.1147422833561	197.298829970257
2001.54864638469	53.7050961692907	222.648382148737
2001.63567147757	56.9413733512913	240.996400844588
2001.72269657045	92.5908990722437	264.736043789128
2001.80972166334	111.514858979398	274.437110728163
2001.89674675622	119.396764192108	291.279309750456
2001.9837718491	36.0600556200314	288.336888617835
2002.07079694199	84.0807726553014	373.615406395285
2002.15782203487	115.264042916122	353.958247479333
2002.24484712776	157.507938105634	349.824387753416
2002.33187222064	159.755709094964	341.975661197096
2002.41889731352	152.92374225723	311.881757279136
2002.50592240641	157.138925846715	317.479608208654
2002.59294749929	154.402236359119	287.459830644343
2002.67997259217	160.857400211604	273.504283203315
2002.76699768506	157.018760211906	266.607000918225
2002.85402277794	148.329036414312	247.903816080828
2002.94104787083	143.732685762501	234.137420455477
2003.02807296371	159.489901670989	248.776655965526
2003.11509805659	150.993016990633	236.440354391839
2003.20212314948	138.009705698022	230.556217833972
2003.28914824236	142.333268188624	258.926162574152
2003.37617333524	139.974351640969	277.53009172451
2003.46319842813	138.158562730655	303.100420386641
2003.55022352101	151.435412803931	343.1848324629
2003.63724861389	143.810831070028	383.937709791653
2003.72427370678	150.449558491122	387.437153136677
2003.81129879966	152.328045720958	408.968665645122
2003.89832389255	138.765294700895	405.75830875433
2003.98534898543	128.369031360697	415.235383643083
2004.07237407831	119.799280178458	381.977084511229
2004.1593991712	132.814307846669	326.006308550709
2004.24642426408	153.821829934925	320.528902570328
2004.33344935696	188.711493751442	331.478282376442
2004.42047444985	235.600959326913	419.591798894287
2004.50749954273	362.123908109396	526.371742650432
2004.59452463561	355.717953501844	548.34838717192
2004.6815497285	344.781673417383	576.763940312521
2004.76857482138	326.837858253169	598.796185875972
2004.85559991427	306.556208364732	630.38193557301
2004.94262500715	294.840373570364	670.813961865432
2005.02965010003	312.551056345021	699.774214039378
2005.11667519292	224.583135880407	555.162042792709
2005.2037002858	228.226731213721	506.284641867555
2005.29072537868	208.034609672288	446.222415293719
2005.37775047157	165.49183673954	360.10352242711
2005.46477556445	118.077589399146	270.788811179583
2005.55180065733	117.47193441318	284.0478059081
2005.63882575022	103.153635587548	292.433262949134
2005.7258508431	102.988812619453	316.499413477848
2005.81287593599	102.726760560136	364.21036415083
2005.89990102887	95.1149382247695	435.192531589247
2005.98692612175	67.9601179546733	403.861573587365
2006.07395121464	117.346595450283	374.712146908853
2006.16097630752	96.2257433603893	341.517598285321
2006.2480014004	89.4563358600104	388.778364220028
2006.33502649329	91.5155228639564	426.996173284785
2006.42205158617	134.820838896032	450.45030138627
2006.50907667905	133.113522067682	457.017448807768
2006.59610177194	118.062582422682	411.050848407559
2006.68312686482	114.91271867393	379.167654255061
2006.77015195771	106.848367627493	413.255995437917
2006.85717705059	99.1884748378115	399.662298790432
2006.94420214347	88.0231557769556	385.285091605699
2007.03122723636	69.2554138987323	251.503010759807
2007.11825232924	41.6962083741448	164.962098762108
2007.20527742212	55.0598932719438	127.229633647025
2007.29230251501	53.15480004975	107.056572918867
2007.37932760789	50.632230175356	107.718483781971
2007.46635270077	77.2011682989986	131.026504731381
2007.55337779366	82.1849330371817	154.969553008374
2007.64040288654	82.9800120455625	188.315815300152
2007.72742797943	74.574504035589	173.407534664944
2007.81445307231	73.1218582619785	215.139099231409
2007.90147816519	71.2336729974455	371.440666593879
2007.98850325808	81.8116236074174	602.419102397123
2008.07552835096	68.9736090691454	674.053659823222
2008.16255344384	57.8812129936039	750.057398566496
2008.24957853673	46.1854132966067	919.37980021733
2008.33660362961	41.3524103658359	1190.50766947763
2008.4236287225	636.007486231344	1638.11047690932
2008.51065381538	568.759867000925	1677.29120957703
2008.59767890826	560.282625343267	1914.0417958603
2008.68470400115	631.356528431576	2190.35802540526
2008.77172909403	643.457066062908	2530.6347212686
2008.85875418691	498.131857130301	1732.09630046746
2008.9457792798	455.872518395617	1627.13666820278
2009.03280437268	375.419022319835	1259.31474972816
2009.11982946556	352.589709845161	1188.28063852695
2009.20685455845	245.672297528679	958.008052956253
2009.29387965133	180.510838322564	971.145893915019
2009.38090474422	116.530857721121	850.482796249813
2009.4679298371	93.6979889730081	432.441662079333
2009.55495492998	99.1408116382953	449.596979411926
2009.64198002287	101.505889720653	423.732667407378
2009.72900511575	85.9578319664554	429.479821004216
2009.81603020863	54.2113787702372	347.793649060339
2009.90305530152	84.5240407570102	361.66519536548
2009.9900803944	54.5722550107675	328.475152985507
2010.07710548728	69.8737447342978	202.454676748562
2010.16413058017	57.2940626894489	161.860686778406
2010.25115567305	66.5827704825688	161.922082744388
2010.33818076594	70.2131529117399	160.171749723327
2010.42520585882	69.669387712574	150.548424419204
2010.5122309517	61.5771108528327	153.545382043912
2010.59925604459	73.513399376365	171.469407085554
2010.68628113747	76.5019088562406	184.962775525002
2010.77330623035	67.0126889211615	251.615590077202
2010.86033132324	60.8999592582224	296.920965534723
2010.94735641612	52.0845967751657	324.784054594372
2011.034381509	41.1713199942547	397.514525913394
2011.12140660189	55.5960482094402	207.982544611218
2011.20843169477	58.0342537223503	211.162797299388
2011.29545678766	57.9670877222763	236.167697087887
2011.38248188054	57.1197736865297	239.491753145128
2011.46950697342	66.6962336369959	248.609801518446
2011.55653206631	68.359138812234	262.65454215428
2011.64355715919	67.6902146626057	290.081846128491
2011.73058225207	67.009750285161	326.339386817729
2011.81760734496	62.4532425469909	398.261064714358
2011.90463243784	59.9562701831022	426.809977831869
2011.99165753072	56.5466347627171	546.448902518445
2012.07868262361	69.5269174823929	552.686789394115
2012.16570771649	22.780569939498	579.082346057201
2012.25273280938	22.4811879147734	659.925033598803
2012.33975790226	58.6178018772238	772.648283803049
2012.42678299514	35.2333435307304	784.401418419661
2012.51380808803	68.3472278906038	548.451330669934
2012.60083318091	59.3346229066616	541.366966252979
2012.68785827379	63.3150769080618	600.362133614978
2012.77488336668	63.8786179548086	664.400962582862
2012.86190845956	59.0456124217323	703.089059880881
2012.94893355244	58.8609314861539	785.492465988801
2013.03595864533	54.0706491116716	872.28023410152
2013.12298373821	56.6742502388646	978.672552552352
2013.2100088311	34.3660752419406	1013.8092792633
2013.29703392398	35.7594334631753	1153.37858688605
2013.38405901686	39.9249098907999	1064.20658268548
2013.47108410975	38.097902292716	471.606346233459
2013.55810920263	NA	NA
2013.64513429551	NA	NA
2013.7321593884	NA	NA
2013.81918448128	NA	NA
2013.90620957417	NA	NA
2013.99323466705	190.361963790519	296.470390255768
2014.08025975993	279.858592336456	655.692714919411
2014.16728485282	279.784203570748	658.244920208194
2014.2543099457	279.702530832514	661.326490483128
2014.34133503858	279.61097829047	665.151978438669
2014.42836013147	279.50539642767	670.064308429052
2014.51538522435	279.378714823766	676.647751971869
2014.60241031723	279.217822791342	685.985685861714
2014.68943541012	278.995366669696	700.338395153318
2014.776460503	278.643195615464	725.337290451079
2014.86348559589	277.931076064428	780.006928408298
2014.95051068877	288.888081048147	959.044864906558
2015.03753578165	343.194363048163	1324.89964583732
2015.12456087454	2.68961929811662	61.6621165019264
2015.21158596742	14.3355850559727	118.275725585087
2015.2986110603	14.3390400143712	118.394409087766
2015.38563615319	14.34330923	118.550399643482
2015.47266124607	14.3487238417749	118.758903146818
2015.55968633895	14.3558226929088	119.044663438679
2015.64671143184	14.3655454728766	119.450831422009
2015.73373652472	14.3796906147309	120.059991839964
2015.82076161761	14.4021867283658	121.052548253582
2015.90778671049	11.8423579586292	55.2732744281423
2015.99481180337	9.15264113653864	47.911267292386
2016.08183689626	4.99617353058306	45.8545882855565
2016.16886198914	47.6789345861888	178.113549392116
2016.25588708202	48.3052882779674	181.150881354354
2016.34291217491	49.097889811247	184.988488809532
2016.42993726779	50.1336745951124	189.996789624459
2016.51696236067	51.5457070061795	196.81644342189
2016.60398745356	53.5857857729134	207.124061919819
