time	velocity	number_of_branches
1998.34315697002	403.034588265007	0.84
1998.4349080629	481.081324677228	1.12
1998.52665915579	546.680728927664	2.24
1998.61841024867	810.240040716269	3.26
1998.71016134155	805.881685145386	4.46
1998.80191243443	883.683535295985	6.96
1998.89366352731	886.396810964322	10.6
1998.9854146202	756.66966150328	13.52
1999.07716571308	778.739254742624	15.43
1999.16891680596	739.22643871521	17.36
1999.26066789884	703.804797818645	18.48
1999.35241899172	711.654655909104	18.67
1999.44417008461	696.14186417591	18.9
1999.53592117749	651.658600540903	18.42
1999.62767227037	602.121668654893	18.29
1999.71942336325	564.475902522897	18.13
1999.81117445613	469.56653425234	16.5
1999.90292554902	347.27721482717	14.07
1999.9946766419	337.904763592877	11.22
2000.08642773478	320.381899355525	9.61
2000.17817882766	294.075770770396	8.96
2000.26992992055	263.830234047666	10.72
2000.36168101343	362.058244845042	14.05
2000.45343210631	468.04858725673	19.52
2000.54518319919	562.25812600512	27.02
2000.63693429207	602.288063819161	32.65
2000.72868538496	620.628672093085	37.14
2000.82043647784	653.658094590559	40.03
2000.91218757072	675.52798743707	42.66
2001.0039386636	675.944891861074	46.86
2001.09568975648	701.122513149081	52.11
2001.18744084937	770.340681655751	66.48
2001.27919194225	947.764245974161	123.42
2001.37094303513	934.528830725472	158.48
2001.46269412801	883.862703614084	187.21
2001.55444522089	880.583492035413	219.5
2001.64619631378	822.643170541074	255.14
2001.73794740666	795.581348743559	261.48
2001.82969849954	789.124945762421	261.28
2001.92144959242	784.576045861909	260.6
2002.0132006853	785.32100852167	258.33
2002.10495177819	777.891064716606	255.34
2002.19670287107	766.901216850793	245.19
2002.28845396395	642.567845552898	207.56
2002.38020505683	595.819220822026	195.55
2002.47195614972	590.664037204719	187.42
2002.5637072426	553.42680610604	165.24
2002.65545833548	541.234550899531	130.72
2002.74720942836	551.93523794872	122.39
2002.83896052124	556.856731765082	121.19
2002.93071161413	561.60981300327	119.98
2003.02246270701	565.081469989286	119.62
2003.11421379989	554.915618214528	123.16
2003.20596489277	555.967025971794	144.9
2003.29771598565	510.623481780884	171.65
2003.38946707854	493.664027140284	155
2003.48121817142	444.852902688151	135.86
2003.5729692643	434.679695388155	126.73
2003.66472035718	435.613216466734	122.24
2003.75647145006	436.320235041841	120.99
2003.84822254295	436.613146839621	120.57
2003.93997363583	437.077544708816	120.4
2004.03172472871	433.773617446761	121.78
2004.12347582159	423.808061833864	127.24
2004.21522691448	353.457095949211	106.73
2004.30697800736	292.040346693119	80.89
2004.39872910024	281.326504958362	82.18
2004.49048019312	241.704695608844	71.59
2004.582231286	236.69490752247	72.3
2004.67398237889	233.767717651021	72.25
2004.76573347177	233.443843325858	72.74
2004.85748456465	232.177881626105	73.67
2004.94923565753	223.298924045288	78.68
2005.04098675041	213.30199515009	75.34
2005.1327378433	183.731908155261	66.31
2005.22448893618	207.732827008681	55.11
2005.31624002906	186.837198314302	49.99
2005.40799112194	190.745071247872	46.52
2005.49974221482	202.703321291177	46.14
2005.59149330771	214.142818029681	57.52
2005.68324440059	222.204087844157	66.36
2005.77499549347	214.77006350633	69.34
2005.86674658635	218.012147954427	67.47
2005.95849767924	223.61915950104	65.86
2006.05024877212	211.585319853201	73.12
2006.141999865	207.416333012664	69.1
2006.23375095788	199.442690685874	71.48
2006.32550205076	196.604101055639	73.71
2006.41725314365	195.468146966415	72.55
2006.50900423653	196.719760671745	69.33
2006.60075532941	179.975746334219	59.23
2006.69250642229	168.33890834793	53.51
2006.78425751517	161.440368691649	50.35
2006.87600860806	161.369042479485	49.28
2006.96775970094	165.871399536914	48.47
2007.05951079382	196.895007678301	42.14
2007.1512618867	225.228635001718	39.57
2007.24301297958	269.172553507507	31.93
2007.33476407247	279.092110646839	29.8
2007.42651516535	276.334638644677	29.38
2007.51826625823	258.06153733852	29.59
2007.61001735111	254.967070777802	29.95
2007.701768444	256.481183429392	30.4
2007.79351953688	263.99869559164	32.39
2007.88527062976	278.667825721611	35.91
2007.97702172264	282.202194286817	38.81
2008.06877281552	266.007694346298	44.58
2008.16052390841	208.714733391231	41.71
2008.25227500129	206.028080755273	45.87
2008.34402609417	204.31228492141	48.02
2008.43577718705	201.949256674526	49.7
2008.52752827993	194.681854865893	48.86
2008.61927937282	196.379245389306	47.99
2008.7110304657	190.574979988164	47.26
2008.80278155858	183.864241365736	45.23
2008.89453265146	175.764049888271	41.56
2008.98628374434	166.67364806153	38.46
2009.07803483723	170.745252291234	32.15
2009.16978593011	160.432555683103	28.95
2009.26153702299	151.096143088142	24.05
2009.35328811587	150.868753987772	21.29
2009.44503920876	147.920728614291	19.76
2009.53679030164	138.22807626322	20.57
2009.62854139452	143.007383413988	21.32
2009.7202924874	179.654093368171	23.1
2009.81204358028	203.920187152955	25.53
2009.90379467317	221.665952504637	28.23
2009.99554576605	244.288715395375	29.32
2010.08729685893	262.647479406412	24.34
2010.17904795181	272.744236067824	27.68
2010.27079904469	298.060463200079	30.33
2010.36255013758	348.487094621972	33.83
2010.45430123046	372.939512364723	36.87
2010.54605232334	397.379662845337	36.82
2010.63780341622	402.22737829128	37.53
2010.7295545091	368.29854452172	37.34
2010.82130560199	365.165323385486	37.21
2010.91305669487	358.042985652505	37.18
2011.00480778775	337.00019297901	37.97
2011.09655888063	326.548173838231	44.8
2011.18830997352	359.12722294112	40.7
2011.2800610664	355.068773542951	39.8
2011.37181215928	317.119485312044	37.54
2011.46356325216	302.200357513086	35.65
2011.55531434504	303.928251246584	35.56
2011.64706543793	310.329531445064	37.57
2011.73881653081	318.287654688706	37.85
2011.83056762369	335.378801499984	36.87
2011.92231871657	351.217081268613	35.31
2012.01406980945	365.479100800888	33.04
2012.10582090234	388.360257129529	25.95
2012.19757199522	329.91873357651	26.62
2012.2893230881	324.935215586374	25.53
2012.38107418098	309.446718281455	25.72
2012.47282527386	311.449502239294	24.6
2012.56457636675	315.989542811244	23.07
2012.65632745963	336.013511801363	20.1
2012.74807855251	353.931752220686	18.64
2012.83982964539	367.551745974792	18.05
2012.93158073827	420.124851114679	18.36
2013.02333183116	401.687906787236	22.83
2013.11508292404	352.022964351883	28.75
2013.20683401692	235.953432485752	25.63
2013.2985851098	222.270620098794	27.14
2013.39033620269	222.915439539387	26.93
2013.48208729557	223.703608270828	26.76
2013.57383838845	224.387264850838	26.61
2013.66558948133	225.107729469909	26.45
2013.75734057421	226.446102865342	26.25
2013.8490916671	227.524881756684	26.09
2013.94084275998	195.621395602374	25.04
2014.03259385286	156.015355021226	20
2014.12434494574	74.7381775056358	9
2014.21609603862	61.4442201125452	6
2014.30784713151	54.9409978744511	7
2014.39959822439	54.9398762374205	7
2014.49134931727	54.9387393985221	7
2014.58310041015	54.9375873601731	7
2014.67485150303	54.9364201254947	7
2014.76660259592	54.9352376965604	7
2014.8583536888	54.9340400769391	7
2014.95010478168	56.7173713020512	8
2015.04185587456	67.0261830646691	6
2015.13360696745	66.5886927814885	4
2015.22535806033	54.1596337071682	3
2015.31710915321	69.2441583865907	1
2015.40886024609	69.2528821742392	1
2015.50061133897	69.2615975810032	1
2015.59236243186	69.2703046112669	1
2015.68411352474	69.2790032696362	1
2015.77586461762	69.2876935598307	1
2015.8676157105	69.2963754826339	1
2015.95936680338	NA	0
2016.05111789627	NA	0
2016.14286898915	30.7744356628549	1
2016.23462008203	25.4731449030783	2
2016.32637117491	25.471648491868	2
2016.41812226779	25.4701511703434	2
2016.50987336068	25.4686529381512	2
2016.60162445356	25.4671537950449	2
