time	95%HPD_lower_value	95%HPD_higher_value
1997.45684913145	NA	NA
1997.55280238579	0	0
1997.64875564014	0	8.6373207227428
1997.74470889448	0	23.8487156399093
1997.84066214882	0	54.5995919543415
1997.93661540316	0	100.254998680174
1998.03256865751	0	130.409354427896
1998.12852191185	0	148.332180550007
1998.22447516619	0	186.519828433005
1998.32042842053	0	216.962646072333
1998.41638167488	0	240.462667564251
1998.51233492922	0	309.172184822787
1998.60828818356	0	341.842059228355
1998.70424143791	0	403.424144936397
1998.80019469225	43.8966355734088	574.204243716586
1998.89614794659	94.8845035159492	624.729620340675
1998.99210120093	107.706319881077	632.38280528525
1999.08805445528	124.465503803138	678.549795510903
1999.18400770962	152.94499645939	716.516585596838
1999.27996096396	154.230624888058	901.298417948153
1999.3759142183	224.506805596566	1079.15925149641
1999.47186747265	278.906456086103	1161.34634243589
1999.56782072699	347.605846728744	1243.33049369473
1999.66377398133	409.432770378597	1314.97286617435
1999.75972723568	507.625349573091	1421.12661364124
1999.85568049002	552.837931535522	1488.02954592678
1999.95163374436	618.161921607516	1571.95615146893
2000.0475869987	684.946828504154	1657.10376983207
2000.14354025305	797.237005423215	1693.55007514405
2000.23949350739	869.779407981878	1770.54275562359
2000.33544676173	870.073225788102	2055.6008719935
2000.43140001608	952.039324623382	2477.75950296307
2000.52735327042	1034.03332291864	2999.95361344767
2000.62330652476	1160.44933215441	3527.04528306452
2000.7192597791	1233.23230321937	3891.87879872573
2000.81521303345	1306.05763683193	3931.40288014361
2000.91116628779	1420.23100882158	4025.4638295481
2001.00711954213	2113.29204802207	4156.112136197
2001.10307279647	2165.67043675002	4305.53158789156
2001.19902605082	2165.67043675002	4397.67884661188
2001.29497930516	2340.50689159258	4579.80051702714
2001.3909325595	2359.03009889561	4518.08108640644
2001.48688581385	2641.02269485246	4562.08104195027
2001.58283906819	2843.84303455676	4606.0160771229
2001.67879232253	3407.21405903268	4662.06809355382
2001.77474557687	3764.90932658207	4743.83926367449
2001.87069883122	3817.09018572635	4825.84567692278
2001.96665208556	3869.13757286445	4881.36941951683
2002.0626053399	3940.63641170492	4911.48500165689
2002.15855859424	3982.98902089994	5099.28289956471
2002.25451184859	4022.05178646656	5284.11444156546
2002.35046510293	4022.05178646656	5321.48966018736
2002.44641835727	4109.51077131167	5358.148585322
2002.54237161162	4188.31452130762	5420.9051564941
2002.63832486596	4265.58616908556	5545.19635033381
2002.7342781203	4282.0617579056	5669.93907918843
2002.83023137464	4320.61138401102	5801.31562789529
2002.92618462899	4406.07818016784	5903.73260485393
2003.02213788333	4449.84357804037	5972.00487343847
2003.11809113767	4484.5515488156	5972.00487343847
2003.21404439202	4519.25164389713	6004.81020211681
2003.30999764636	4545.71959779036	6042.92583741703
2003.4059509007	4545.71959779036	6081.01681432341
2003.50190415504	4539.21806632403	6081.10822357815
2003.59785740939	4550.16307863484	6115.17019769409
2003.69381066373	4560.79268025595	6149.20881221586
2003.78976391807	4594.28251965554	6183.22389751594
2003.88571717241	4534.54099207234	6140.59513497461
2003.98167042676	4698.40719480514	6251.1827992214
2004.0776236811	4730.19131034475	6225.56208405397
2004.17357693544	4761.9572081749	6263.58314939437
2004.26953018979	4923.38089581894	6448.07200028098
2004.36548344413	4948.85600216204	6460.52082266611
2004.46143669847	4948.85600216204	6498.32564059419
2004.55738995281	4923.08138143944	6454.4769906853
2004.65334320716	5139.9858398709	6643.97405120059
2004.7492964615	5169.93256156089	6643.97405120059
2004.84524971584	5199.86074133956	6649.26868406326
2004.94120297018	5215.89299921992	6686.93421861299
2005.03715622453	5224.68580242924	6724.57119199032
2005.13310947887	5238.78849454456	6762.1793673697
2005.22906273321	5247.89579360495	6799.75850704883
2005.32501598756	5247.89579360495	6860.96409814989
2005.4209692419	5265.90309065811	6876.20362404787
2005.51692249624	5325.20891583375	6931.97983914973
2005.61287575058	5368.72308375421	6987.68809247989
2005.70882900493	5368.72308375421	7043.32758210284
2005.80478225927	5368.72308375421	7043.32758210284
2005.90073551361	5368.72308375421	7043.32758210284
2005.99668876795	5368.72308375421	7043.32758210284
2006.0926420223	5368.72308375421	7043.32758210284
2006.18859527664	5368.72308375421	7043.32758210284
2006.28454853098	5368.72308375421	7043.32758210284
2006.38050178533	5368.72308375421	7043.32758210284
2006.47645503967	5368.72308375421	7043.32758210284
2006.57240829401	5368.72308375421	7043.32758210284
2006.66836154835	5368.72308375421	7043.32758210284
2006.7643148027	5368.72308375421	7043.32758210284
2006.86026805704	5368.72308375421	7043.32758210284
2006.95622131138	5368.72308375421	7043.32758210284
2007.05217456573	5368.72308375421	7043.32758210284
2007.14812782007	5368.72308375421	7043.32758210284
2007.24408107441	5368.72308375421	7043.32758210284
2007.34003432875	5368.72308375421	7043.32758210284
2007.4359875831	5368.72308375421	7043.32758210284
2007.53194083744	5368.72308375421	7043.32758210284
2007.62789409178	5368.72308375421	7043.32758210284
2007.72384734612	5368.72308375421	7043.32758210284
2007.81980060047	5368.72308375421	7043.32758210284
2007.91575385481	5368.72308375421	7047.90700485878
2008.01170710915	5384.70560718133	7097.32292520717
2008.1076603635	5368.72308375421	7097.32292520717
2008.20361361784	5368.72308375421	7097.32292520717
2008.29956687218	5368.72308375421	7097.32292520717
2008.39552012652	5368.72308375421	7097.32292520717
2008.49147338087	5368.72308375421	7134.92500950229
2008.58742663521	5368.72308375421	7174.2366640695
2008.68337988955	5368.72308375421	7213.51192295982
2008.77933314389	5368.72308375421	7252.75038144036
2008.87528639824	5368.72308375421	7291.95163255403
2008.97123965258	5368.72308375421	7331.1152670917
2009.06719290692	5368.72308375421	7370.24087356432
2009.16314616127	5368.72308375421	7409.32803817438
2009.25909941561	5368.72308375421	7448.3763447882
2009.35505266995	5368.72308375421	7487.38537490732
2009.45100592429	5368.72308375421	7526.35470764005
2009.54695917864	5368.72308375421	7565.28391967308
2009.64291243298	5406.19069395254	7604.44144685966
2009.73886568732	5424.98791888309	7604.44144685966
2009.83481894166	5432.09748160516	7604.44144685966
2009.93077219601	5432.09748160516	7604.44144685966
2010.02672545035	5432.09748160516	7604.44144685966
2010.12267870469	5432.09748160516	7604.44144685966
2010.21863195904	5432.09748160516	7604.44144685966
2010.31458521338	5432.09748160516	7604.44144685966
2010.41053846772	5417.78208928803	7580.12619945845
2010.50649172206	5420.51108123622	7580.12619945845
2010.60244497641	5420.51108123622	7580.12619945845
2010.69839823075	5420.51108123622	7580.12619945845
2010.79435148509	5420.51108123622	7580.12619945845
2010.89030473944	5426.05790523176	7580.12619945845
2010.98625799378	5432.09748160516	7580.12619945845
2011.08221124812	5432.09748160516	7580.12619945845
2011.17816450246	5459.85389693003	7604.44144685966
2011.27411775681	5459.85389693003	7604.44144685966
2011.37007101115	5459.85389693003	7604.44144685966
2011.46602426549	5459.85389693003	7604.44144685966
2011.56197751983	5459.85389693003	7604.44144685966
2011.65793077418	5459.85389693003	7604.44144685966
2011.75388402852	5459.85389693003	7604.44144685966
2011.84983728286	5459.85389693003	7604.44144685966
2011.94579053721	5459.85389693003	7604.44144685966
2012.04174379155	5459.85389693003	7604.44144685966
2012.13769704589	5437.86581606725	7580.12619945845
2012.23365030023	5500.12477287685	7604.44144685966
2012.32960355458	5500.12477287685	7604.44144685966
2012.42555680892	5500.12477287685	7604.44144685966
2012.52151006326	5500.12477287685	7604.44144685966
2012.6174633176	5500.12477287685	7604.44144685966
2012.71341657195	5500.12477287685	7604.44144685966
2012.80936982629	5500.12477287685	7604.44144685966
2012.90532308063	5500.12477287685	7604.44144685966
2013.00127633498	5500.12477287685	7604.44144685966
2013.09722958932	5500.12477287685	7604.44144685966
2013.19318284366	5500.12477287685	7604.44144685966
2013.289136098	5500.12477287685	7604.44144685966
2013.38508935235	5500.12477287685	7604.44144685966
2013.48104260669	5500.12477287685	7604.44144685966
2013.57699586103	5500.12477287685	7604.44144685966
2013.67294911537	5500.12477287685	7604.44144685966
2013.76890236972	5500.12477287685	7604.44144685966
2013.86485562406	5500.12477287685	7604.44144685966
2013.9608088784	5500.12477287685	7604.44144685966
2014.05676213275	5500.12477287685	7604.44144685966
2014.15271538709	5500.12477287685	7604.44144685966
2014.24866864143	5500.12477287685	7604.44144685966
2014.34462189577	5500.12477287685	7604.44144685966
2014.44057515012	5500.12477287685	7604.44144685966
2014.53652840446	5500.12477287685	7604.44144685966
2014.6324816588	5500.12477287685	7604.44144685966
2014.72843491315	5500.12477287685	7604.44144685966
2014.82438816749	5500.12477287685	7604.44144685966
2014.92034142183	5500.12477287685	7604.44144685966
2015.01629467617	5500.12477287685	7604.44144685966
2015.11224793052	5500.12477287685	7604.44144685966
2015.20820118486	5500.12477287685	7604.44144685966
2015.3041544392	5500.12477287685	7604.44144685966
2015.40010769354	5500.12477287685	7604.44144685966
2015.49606094789	5500.12477287685	7604.44144685966
2015.59201420223	5500.12477287685	7604.44144685966
2015.68796745657	5500.12477287685	7604.44144685966
2015.78392071092	5500.12477287685	7604.44144685966
2015.87987396526	5500.12477287685	7604.44144685966
2015.9758272196	5500.12477287685	7604.44144685966
2016.07178047394	5500.12477287685	7604.44144685966
2016.16773372829	5500.12477287685	7604.44144685966
2016.26368698263	5500.12477287685	7604.44144685966
2016.35964023697	5500.12477287685	7604.44144685966
2016.45559349131	5500.12477287685	7604.44144685966
2016.55154674566	5500.12477287685	7604.44144685966
2016.6475	5500.12477287685	7604.44144685966
