time	velocity	number_of_branches
1998.47868500866	282.773426537393	0
1998.569756763	282.94262036614	0
1998.66082851735	328.324618937024	0
1998.75190027169	417.92159491401	2
1998.84297202603	551.866321713882	6
1998.93404378037	556.182007306842	18
1999.02511553472	644.063172394364	22
1999.11618728906	638.737403047803	28
1999.2072590434	618.58856628174	32
1999.29833079774	591.071351525257	32
1999.38940255209	576.649587984087	34
1999.48047430643	576.664793170559	36
1999.57154606077	572.775512418334	38
1999.66261781511	558.238151406115	39
1999.75368956946	508.567280145826	40
1999.8447613238	449.910814474858	38
1999.93583307814	370.95834621148	34
2000.02690483248	323.899966570778	30.5
2000.11797658683	287.745488882006	27
2000.20904834117	316.285025573434	23
2000.30012009551	293.770440948138	27
2000.39119184985	296.870402099655	35
2000.4822636042	311.929605643483	42
2000.57333535854	347.109640309625	49.5
2000.66440711288	368.302304157875	57
2000.75547886722	363.428967984377	60
2000.84655062157	366.427055822769	59
2000.93762237591	370.687847721258	62
2001.02869413025	381.577538313715	71
2001.1197658846	413.526748184402	94
2001.21083763894	500.675150255058	113
2001.30190939328	640.188432579965	186
2001.39298114762	684.221604623544	253
2001.48405290197	672.526063285043	277
2001.57512465631	704.051971057609	371
2001.66619641065	667.212219985531	455
2001.75726816499	643.825395489462	471
2001.84833991934	644.523836422571	475.5
2001.93941167368	642.714155390251	477
2002.03048342802	631.972527753799	477
2002.12155518236	624.76227184152	473
2002.21262693671	613.066859672193	453.5
2002.30369869105	559.426883622119	426
2002.39477044539	520.529199930063	412
2002.48584219973	497.869371056542	424
2002.57691395408	486.032325321133	374.5
2002.66798570842	446.800936410938	311
2002.75905746276	447.812841405137	300.5
2002.8501292171	447.730176111949	302
2002.94120097145	452.480044520638	292.5
2003.03227272579	456.123482520753	296.5
2003.12334448013	445.379116547974	306
2003.21441623447	468.096204847724	350.5
2003.30548798882	468.626515522984	418
2003.39655974316	482.769757181835	398
2003.4876314975	460.893568879347	367
2003.57870325184	447.903886464142	332
2003.66977500619	433.071511121578	317
2003.76084676053	432.605090103503	318
2003.85191851487	435.660313398312	315.5
2003.94299026921	437.072794035831	315
2004.03406202356	440.763502696353	319
2004.1251337779	438.239310885734	321
2004.21620553224	421.071716886825	272
2004.30727728658	363.82335429415	201
2004.39834904093	349.551251404994	193.5
2004.48942079527	218.846539184238	181.5
2004.58049254961	214.496310071976	190.5
2004.67156430395	218.627211959494	192
2004.7626360583	216.378924927629	192
2004.85370781264	213.499868110528	193
2004.94477956698	214.718582384818	198.5
2005.03585132132	190.85603447862	196
2005.12692307567	185.755835961709	167
2005.21799483001	189.034841488472	154
2005.30906658435	185.900441805006	128.5
2005.4001383387	184.151634324429	119
2005.49121009304	176.061120064746	112
2005.58228184738	197.470818129684	140
2005.67335360172	212.349428919228	163
2005.76442535607	226.939490772716	171.5
2005.85549711041	230.437797495043	177
2005.94656886475	228.663476951597	170
2006.03764061909	231.507209725966	170
2006.12871237344	249.1772296986	164
2006.21978412778	258.335763634167	163
2006.31085588212	260.47561039916	165
2006.40192763646	253.913958390132	163
2006.49299939081	251.317571150261	160
2006.58407114515	240.687799879666	142
2006.67514289949	221.950337505937	128
2006.76621465383	214.739334603037	121
2006.85728640818	217.047794146641	120
2006.94835816252	215.21582140605	117
2007.03942991686	243.063063898137	109.5
2007.1305016712	256.027670289007	101.5
2007.22157342555	301.051425622509	95
2007.31264517989	344.306737005095	88
2007.40371693423	427.731533096561	85
2007.49478868857	535.059739447546	85
2007.58586044292	523.733938000844	86
2007.67693219726	536.830564178618	86
2007.7680039516	528.702078580501	88
2007.85907570594	499.855076768178	99
2007.95014746029	483.018838592875	111.5
2008.04121921463	468.152815636914	120
2008.13229096897	501.296618426613	114.5
2008.22336272331	374.051572171399	118
2008.31443447766	356.344331890412	130
2008.405506232	369.67566639637	140
2008.49657798634	219.096334609018	137
2008.58764974068	219.384622273889	139
2008.67872149503	218.62566461281	135
2008.76979324937	211.797077908987	132
2008.86086500371	197.137292776973	121.5
2008.95193675805	186.409937833386	108
2009.0430085124	184.248218947839	97
2009.13408026674	168.098120264877	92.5
2009.22515202108	183.689314271981	79
2009.31622377542	175.732682097758	65
2009.40729552977	167.687855368744	54
2009.49836728411	155.568537618256	49
2009.58943903845	147.806921258688	47
2009.6805107928	153.475115916487	48
2009.77158254714	166.929170742198	52.5
2009.86265430148	185.334911305645	61
2009.95372605582	196.851268113573	72
2010.04479781017	217.018468026287	70.5
2010.13586956451	223.26063241012	63
2010.22694131885	209.296249036316	71
2010.31801307319	238.041162699089	74
2010.40908482754	265.996772351274	85.5
2010.50015658188	279.696161333759	88.5
2010.59122833622	281.935252952904	91
2010.68230009056	283.322537003756	90.5
2010.77337184491	282.842273978949	94.5
2010.86444359925	289.243436781926	92
2010.95551535359	279.860166498318	94
2011.04658710793	285.170104230078	100
2011.13765886228	298.007165158088	98
2011.22873061662	318.978440243378	97
2011.31980237096	315.044545125244	97
2011.4108741253	321.324772038046	96
2011.50194587965	310.220092196724	104
2011.59301763399	298.909991190727	115.5
2011.68408938833	294.515413814824	124
2011.77516114267	291.755220877771	125
2011.86623289702	286.361952488037	121
2011.95730465136	288.871772842867	120
2012.0483764057	279.44624768016	116
2012.13944816004	276.486315017358	104
2012.23051991439	240.658882113323	100
2012.32159166873	235.652789958955	98
2012.41266342307	221.967156717425	91
2012.50373517741	207.583686112735	83
2012.59480693176	185.046227541347	69.5
2012.6858786861	164.501424390908	60
2012.77695044044	163.253204710888	53
2012.86802219478	158.528561891989	49
2012.95909394913	189.573599468685	48.5
2013.05016570347	260.829171821568	58
2013.14123745781	254.727780585281	67
2013.23230921215	253.980376735209	65
2013.3233809665	271.894078400998	63
2013.41445272084	276.57288086865	62
2013.50552447518	280.678916031563	60
2013.59659622952	284.686995284737	59
2013.68766798387	284.823724783526	59
2013.77873973821	287.09959865725	58
2013.86981149255	287.969441961401	57
2013.96088324689	264.102586730134	55
2014.05195500124	184.270964460348	40
2014.14302675558	100.163697661036	23
2014.23409850992	83.2531840035434	21
2014.32517026426	42.7051988191236	20
2014.41624201861	42.7052778646752	20
2014.50731377295	42.7053510787553	20
2014.59838552729	42.7054184674942	20
2014.68945728164	42.7054800161557	20
2014.78052903598	42.7055357385897	20
2014.87160079032	42.7055856260187	20
2014.96267254466	45.8710938957584	22
2015.05374429901	52.8532901138415	17
2015.14481605335	42.5749232999584	12
2015.23588780769	88.5453871680061	6
2015.32695956203	88.5721235930902	6
2015.41803131638	88.5987295792941	6
2015.50910307072	88.6252054118831	6
2015.60017482506	88.2934546509752	6
2015.6912465794	87.6831576787376	6
2015.78231833375	87.968494268391	6
2015.87339008809	88.3336423064281	9
2015.96446184243	155.895903644542	8
2016.05553359677	153.446340936374	8
2016.14660535112	157.18709730618	8
2016.23767710546	135.499568081594	7
2016.3287488598	135.605657194349	7
2016.41982061414	135.710860545188	7
2016.51089236849	135.970537979399	7
2016.60196412283	136.022670935032	7
