time	distance_tree54950000	distance_tree59950000	distance_tree64950000	distance_tree69950000	distance_tree74950000	distance_tree79950000	distance_tree84950000	distance_tree89950000	distance_tree94950000	distance_tree99950000	distance_tree104950000	distance_tree109950000	distance_tree114950000	distance_tree119950000	distance_tree124950000	distance_tree129950000	distance_tree134950000	distance_tree139950000	distance_tree144950000	distance_tree149950000	distance_tree154950000	distance_tree159950000	distance_tree164950000	distance_tree169950000	distance_tree174950000	distance_tree179950000	distance_tree184950000	distance_tree189950000	distance_tree194950000	distance_tree199950000	distance_tree204950000	distance_tree209950000	distance_tree214950000	distance_tree219950000	distance_tree224950000	distance_tree229950000	distance_tree234950000	distance_tree239950000	distance_tree244950000	distance_tree249950000	distance_tree254950000	distance_tree259950000	distance_tree264950000	distance_tree269950000	distance_tree274950000	distance_tree279950000	distance_tree284950000	distance_tree289950000	distance_tree294950000	distance_tree299950000	distance_tree304950000	distance_tree309950000	distance_tree314950000	distance_tree319950000	distance_tree324950000	distance_tree329950000	distance_tree334950000	distance_tree339950000	distance_tree344950000	distance_tree349950000	distance_tree354950000	distance_tree359950000	distance_tree364950000	distance_tree369950000	distance_tree374950000	distance_tree379950000	distance_tree384950000	distance_tree389950000	distance_tree394950000	distance_tree399950000	distance_tree404950000	distance_tree409950000	distance_tree414950000	distance_tree419950000	distance_tree424950000	distance_tree429950000	distance_tree434950000	distance_tree439950000	distance_tree444950000	distance_tree449950000	distance_tree454950000	distance_tree459950000	distance_tree464950000	distance_tree469950000	distance_tree474950000	distance_tree479950000	distance_tree484950000	distance_tree489950000	distance_tree494950000	distance_tree499950000	distance_tree504950000	distance_tree509950000	distance_tree514950000	distance_tree519950000	distance_tree524950000	distance_tree529950000	distance_tree534950000	distance_tree539950000	distance_tree544950000	distance_tree549950000
1934.1703357377	0	0	0	0	0	0	0	0	0	0	0	0	0	0	0	0	0	0	0	0	0	0	0	0	0	0	0	0	0	0	0	0	0	0	0	0	0	0	0	0	0	0	0	0	0	0	0	0	0	0	0	0	0	0	0	0	0	0	0	0	0	0	0	0	0	0	0	0	0	0	0	0	0	0	0	0	0	0	0	0	0	0	0	0	0	0	0	0	0	0	0	0	0	0	0	0	0	0	0	0
1934.93323238032	0	0	0	0	0	0	0	0	0	0	0	0	0	0	0	0	0	0	0	0	0	0	0	0	0	0	0	0	0	0	0	0	0	0	0	0	0	0	0	0	0	0.670669667667479	0	0	0	0	0	0	0	0	0	0	0	0	0	0	0	0	0	0	0	0	0	0	0	0	0	0	0	0	0	0	0	0	0	0	0	0	0	0	0	0	0	0	0	0	0	0	0	0	0	0	0	0	0	0	0	0	0	0
1935.69612902295	0	0	0	0	0	0	0	0	0	0	0	0	0	0	0	0	0	0	0	0	0	0	0	0	0	0	0	0	0	0	0	0	0	0	0	0	0	0	0	0	0	1.34133828656253	0	0	0	0	0	0	0	0	0	0	0	0	0	0	0	0	0	0	0	0	0	0	0	0	0	0	0	0	0	0	0	0	0	0	0	0	0	0	0	0	0	0	0	0	0	0	0	0	0	0	0	0	0	0	0	0	0	0
1936.45902566557	0	0	0	0	0	0	0	0	0	0	0	0	0	0	0	0	0	0	0	0	0	0	0	0	0	0	0	0	0	0	0	0	0	0	0	0	0	0	0	0	0	2.012005878742	0	0	0	0	0	0	0	0	0	0	0	0	0	0	0	0	0	0	0	0	0	0	0	0	0	0	0	0	0	0	0	0	0	0	0	0	0	0	0	0	0	0	0	0	0	0	0	0	0	0	0	0	0	0	0	0	0	0
1937.22192230819	0	0	0	0	0	0	0	0	0	0	0	0	0	0	0	0	0	0	0	0	0	0	0	0	0	0	0	0	0	0	0	0	0	0	0	0	0	0	0	0	0	2.68267242585399	0	0	0	0	0	0	0	0	0	0	0	0	0	0	0	0	0	0	0	0	0	0	0	0	0	0	0	0	0	0	0	0	0	0	0	0	0	0	0	0	0	0	0	0	0	0	0	0	0	0	0	0	0	0	0	0	0	0
1937.98481895081	0	0	0	0	0	0	0	0	0	0	0	0	0	0	0	0	0	0	0	0	0	0	0	0	0	0	0	0	0	0	0	0	0	0	0	0	0	0	0	0	0	3.35333793513876	0	0	0	0	0	0	0	0	0	0	0	0	0	0	0	0	0	0	0	0	0	0	0	0	0	0	0	0	0	0	0	0	0	0	0	0	0	0	0	0	0	0	0	0	0	0	0	0	0	0	0	0	0	0	0	0	0	0
1938.74771559344	0	0	0	0	0	0	0	0	0	0	0	0	0	0	0	0	0	0	0	0	0	0	0	0	0	0	0	0	0	0	0	0	0	0	0	0	0	0	0	0	0	4.02400240912223	0	0	0	0	0	0	0	0	0	0	0	0	0	0	0	0	0	0	0	0	0	0	0	0	0	0	0	0	0	0	0	0	0	0	0	0	0	0	0	0	0	0	0	0	0	0	0	0	0	0	0	0	0	0	0	0	0	0
1939.51061223606	0	0	0	0	0	0	0	0	0	0	0	0	0	0	0	0	0	0	0	0	0	0	0	0	0	0	0	0	0	0	0	0	0	0	0	0	0	0	0	0	0	4.69466584224851	0	0	0	0	0	0	0	0	0	0	0	0	0	0	0	0	0	0	0	0	0	0	0	0	0	0	0	0	0	0	0	0	0	0	0	0	0	0	0	0	0	0	0	0	0	0	0	0	0	0	0	0	0	0	0	0	0	0
1940.27350887868	0	0	0	0	0	0	0	0	0	0	0	0	0	0	0	0	0	0	0	0	0	0	0	0	0	0	0	0	0	0	0	0	0	0	0	0	0	0	0	0	0	5.36532824108434	0	0	0	0	0	0	0	0	0	0	0	0	0	0	0	0	0	0	0	0	0	0	0	0	0	0	0	0	0	0	0	0	0	0	0	0	0	0	0	0	0	0	0	0	0	0	0	0	0	0	0	0	0	0	0	0	0	0
1941.03640552131	0	0	0	0	0	0	0	0	0	0	0	0	0	0	0	0	0	0	0	0	0	0	0	0	0	0	0	0	0	0	0	0	0	0	0	0	0	0	0	0	0	6.03598959737987	0	0	0	0	0	0	0	0	0	0	0	0	0	0	0	0	0	0	0	0	0	0	0	0	0	0	0	0	0	0	0	0	0	0	0	0	0	0	0	0	0	0	0	0	0	0	0	0	0	0	0	0	0	0	0	0	0	0
1941.79930216393	0	0	0	0	0	0	0	0	0	0	0	0	0	0	0	0	0	0	0	0	0	0	0	0	0	0	0	0	0	0	0	0	0	0	0	0	0	0	0	0	0	6.70664991568135	0	0	0	0	0	0	0	0	0	0	0	0	0	0	0	0	0	0	0	0	0	0	0	0	0	0	0	0	0	0	0	0	0	0	0	0	0	0	0	0	0	0	0	0	0	0	0	0	0	0	0	0	0	0	0	0	0	0
1942.56219880655	0	0	0	0	0	0	0	0	0	0	0	0	0	0	0	0	0	0	0	0	0	0	0	0	0	0	0	0	0	0	0	0	0	0	0	0	0	0	0	0	0	7.37730919404509	0	0	0	0	0	0	0	0	0	0	0	0	0	0	0	0	0	0	0	0	0	0	0	0	0	0	0	0	0	0	0	0	0	0	0	0	0	0	0	0	0	0	0	0	0	0	0	0	0	0	0	0	0	0	0	0	0	0
1943.32509544918	0	0	0	0	0	0	0	0	0	0	0	0	0	0	0	0	0	0	0	0	0	0	0	0	0	0	0	0	0	0	0	0	0	0	0	0	0	0	0	0	0	8.04796743235397	0	0	0	0	0	0	0	0	0	0	0	0	0	0	0	0	0	0	0	0	0	0	0	0	0	0	0	0	0	0	0	0	0	0	0	0	0	0	0	0	0	0	0	0	0	0	0	0	0	0	0	0	0	0	0	0	0	0
1944.0879920918	0	0	0	0	0	0	0	0	0	0	0	0	0	0	0	0	0	0	0	0	0	0	0	0	0	0	0	0	0	0	0	0	0	0	0	0	0	0	0	0	0	8.71862463057873	0	0	0	0	0	0	0	0	0	0	0	0	0	0	0	0	0	0	0	0	0	0	0	0	0	0	0	0	0	0	0	0	0	0	0	0	0	0	0	0	0	0	0	0	0	0	0	0	0	0	0	0	0	0	0	0	0	0
1944.85088873442	0	0	0	0	0	0	0	0	0	0	0	0	0	0	0	0	0	0	0	0	0	0	0	0	0	0	0	0	0	0	0	0	0	0	0	0	0	0	0	0	0	9.38928078778449	0	0	0	0	0	0	0	0	0	0	0	0	0	0	0	0	0	0	0	0	0	0	0	0	0	0	0	0	0	0	0	0	0	0	0	0	0	0	0	0	0	0	0	0	0	0	0	0	0	0	0	0	0	0	0	0	0	0
1945.61378537705	0	0	0	0	0	0	0	0	0	0	0	0	0	0	0	0	0	0	0	0	0	0	0	0	0	0	0	0	0	0	0	0	0	0	0	0	0	0	0	0	0	10.0599359046776	0	0	0	0	0	0	0	0	0	0	0	0	0	0	0	0	0	0	0	0	0	0	0	0	0	0	0	0	0	0	0	0	0	0	0	0	0	0	0	0	0	0	0	0	0	0	0	0	0	0	0	0	0	0	0	0	0	0
1946.37668201967	0	0	0	0	0	0	0	0	0	0	0	0	0	0	0	0	0	0	0	0	0	0	0	0	0	0	0	0	0	0	0	0	0	0	0	0	0	0	0	0	0	10.7305899801461	0	0	0	0	0	0	0	0	0	0	0	0	0	0	0	0	0	0	0	0	0	0	0	0	0	0	0	0	0	0	0	0	0	0	0	0	0	0	0	0	0	0	0	0	0	0	0	0	0	0	0	0	0	0	0	0	0	0
1947.13957866229	0	0	0	0	0	0	0	0	0	0	0	0	0	0	0	0	0	0	0	0	0	0	0	0	0	0	0	0	0	0	0	0	0	0	0	0	0	0	0	0	0	11.4012430145679	0	0	0	0	0	0	0	0	0	0	0	0	3.62418598340164	0	0	0	0	0	0	0	0.621612793054279	0	0	0	0	0	0	0	0	0	0	0	0	0	0	0	0	0	0	0	0	0	0	0	0	0	0	0	0	0	0	0	0	0	0	0	0	0
1947.90247530491	0	0	0	0	0	0	0	0	0	0	0	0	0	0	0	0	0	0	0	0	0	0	0	0	0	0	0	0	0	0	0	0	0	0	0	0	0	0	0	0	0	12.0718950067777	0	0	0	0	0	0	0	0	0	0	0	0	12.6577715065648	0	0	0	0	0	0	0	1.79383737838557	0	0	0	0	0	0	0	0	0	0	0	0	0	0	0	0	0	0	0	0	0	0	0	0	0	0	0	0	0	0	0	0	0	0	0	0	0
1948.66537194754	0	0	0	0	0	0	0	0	0	0	0	0	0	0	0	0	0	0	0	0	0	0	0	0	0	0	0	0	0	0	0	0	0	0	0	0	0	0	0	0	0	12.7425459573088	0	0	0	0	0	0	0	0	0	0	0	0	21.6902821075445	0	0	0	0	0	0	0	2.96609055615366	0	0	0	0	0	0	0	0	0	0	0	0	0	0	0	0	0	0	0	0	0	0	0	0	0	0	0	0	0	0	0	0	0	0	0	0	0
1949.42826859016	0	0	0	0	0	0	0	0	0	0	0	0	0	0	0	0	0	0	0	0	0	0	0	0	0	0	0	0	0	0	0	0	0	0	0	0	0	0	0	0	0	13.413195864601	0	0	0	0	0	0	0	0	0	0	0	0	30.3606095156278	0	0	0	0	0	0	0	4.13837232089012	0	0	0	0	0	0	0	0	0	0	0	0	0	0	0	0	0	0	0	0	0	0	0	0	0	0	0	0	0	0	0	0	0	0	0	0	0
1950.19116523278	0	0	0	0	0	0	0	0	0	0	0	0	0	0	0.133270241801196	0	0	0	0	0	0	0	0	0	0	0	0	0	0	0	0	0	0	0	0	0	0	0	0	0	0	14.083844729989	0	0	0	0	0	0	0	0	0	0	0	0	30.5345631066894	0	0	0	0	0	0	0	5.31068265727302	0	0	0	0	0	0	0	0	0	0	0	0	0	0	0	0	0	0	0	0	0	0	0	0	0	0	0	0	0	0	0	0	0	0	0	0	0
1950.95406187541	0	0	0	0	0	0	0	0	0	0	0	0	0	0	1.49561896787071	0	0	0	0	0	0	0	0	0	0	0	0	0	0	0	0	0	0	0	0	0	0	0	0	0	0	14.7544925524526	0	0	0	0	0	0	0	0	0	0	0	0	30.7677990579505	0	0	0	0	0	0	0	6.48302155879209	0	0	0	0	0	0	0	0	0	0	0	0	0	0	0	0	0	0	0	0	0	0	0	0	0	0	0	0	0	0	0	0	0	0	0	0	0
1951.71695851803	0	0	0	0	0	0	0	0	0	0	0	0	0	0	2.85795977797582	0	0	0	0	0	0	0	0	0	0	0	0	0	0	0	0	0	0	0	0	0	0	0	0	0	0	15.4251393314711	0	0	0	0	0	0	0	0	0	0	0	0	31.0589765627922	0	0	0	0	0	0	0	7.65538901687342	0	0	0	0	0	0	0	0	0	0	0	0	0	0	0	0	0	0	0	0	0	0	0	0	0	0	0	0	0	0	0	0	0	0	0	0	0
1952.47985516065	0	0	0	0	0	0	0	0	0	0	0	0	0	0	4.22029271886971	0	0	0	0	0	0	0	0	0	0	0	0	0	0	0	0	0	0	0	0	0	0	0	0	0	0	16.0957850663578	0	0	0	0	0	0	0	0	0	0	0	0	31.4064788443755	0	0	0	0	0	0	0	8.82778502429792	0	0	0	0	0	0	0	0	0	0	0	0	0	0	0	0	0	0	0	0	0	0	0	0	0	0	0	0	0	0	0	0	0	0	0	0	0
1953.24275180328	0	0	0	0	0	0	0	0	0	0	0	0	0	0	5.58261778576417	0	0	0	0	0	0	0	0	0	0	0	0	0	0	0	0	0	0	0	0	0	0	0	0	0	0	16.7664297581793	0	0	0	0	0	0	0	0	0	0	0	0	31.8084547577535	0	0	0	0	0	0	0	10.0002095685368	0	0	0	0	0	0	0	0	0	0	0	0	0	0	0	0	0	0	0	0	0	0	0	0	0	0	0	0	0	0	0	0	0	0	0	0	0
1954.0056484459	0	0	0	0	0	0	0	0	0	0	0	0	0	0	6.94493497288112	0	0	0	0	0	0	0	0	0	0	0	0	0	0	0	0	0	0	0	0	0	0	0	0	0	0	17.4370734055327	0	0	0	0	0	0	0	0	0	0	0	0	32.2628631290809	0	0	0	0	0	0	0	11.1726626450497	0	0	0	0	0	0	0	0	0	0	0	0	0	0	0	0	0	0	0	0	0	0	0	0	0	0	0	0	0	0	0	0	0	0	0	0	0
1954.76854508852	0	0	0	0	0	0	0	0	0	0	0	0	0	0	8.30724427535112	0	0	0	0	0	0	0	0	0	0	0	0	0	0	0	0	0	0	0	0	0	0	0	0	0	0	18.1077160087443	0	0	0	0	0	0	0	0	0	0	0	0	32.7675176529648	0	0	0	0	0	0	0	12.3451442428822	0	0	0	0	0	0	0	0	0	0	0	0	0	0	0	0	0	0	0	0	0	0	0	0	0	0	0	0	0	0	0	0	0	0	0	0	0
1955.53144173114	0	2.67661805343514	0	0	0	0	0	0	0	0	0	0	0	0	9.6695456890398	0	0	0	0	0	0	0	0	0	0	0	0	0	0	0	0	0	0	0	0	0	0	0	0	0	0	18.7783575666749	0	0	0	0	0	0	0	0	0	0	0	0	33.3201304234424	0	0	0	0	0	0	0	13.517654353797	0	0	0	0	0	0	0	0	0	0	0	0	0	0	0	0	0	0	0	0	0	0	0	0	0	0	0	0	0	0	0	0	0	0	0	0	0
1956.29433837377	0	5.95144589058715	0	0	0	0	0	0	0	0	0	0	0	0	11.0318392100936	0	0	0	0	0	0	0	0	0	0	0	0	0	0	0	0	0	0	0	0	0	0	0	0	0	0	19.4489980799909	0	0	0	0	0	0	0	0	0	0	0	0	33.9183525824636	0	0	0	0	0	0	0	14.6901929693458	0	0	0	0	0	0	0	0	0	0	0	0	0	0	0	0	0	0	0	0	0	0	0	0	0	0	0	0	0	0	0	0	0	0	0	0	0
1957.05723501639	0	9.22625883001815	0	0	0	0	0	0	0	0	0	0	0	0	12.3941248325983	0	0	0	0	0	0	0	0	0	0	0	0	0	0	0	0	0	0	0	0	0	0	0	0	0	0	20.1196375477211	0	0	0	0	0	0	0	0	0	0	0	0	34.5598109669958	0	0	0	0	0	0	0	15.8627600806632	0	0	0	0	0	0	0	0	0	0	0	0	0	0	0	0	0	0	0	0	0	0	0	0	0	0	0	0	0	0	0	0	0	0	0	0	0
1957.82013165901	0	12.5010568522602	0	0	0	0	0	0	0	0	0	0	0	0	13.7564025528824	0	0	0	0	0	0	27.9804132680394	0	0	0	0	0	0	0	0	0	0	0	0	0	0	0	0	0	0	0	20.7902759701273	0	0	0	0	0	0	0	0	0	0	0	0	35.2421400784999	0	0	0	0	0	0	0	17.0353556802022	0	0	0	0	0	0	0	0	0	0	0	0	0	0	0	0	0	0	0	0	0	0	0	0	0	0	0	0	0.292207349053095	0	0	0	0	0	0	0	0
1958.58302830164	0	15.7758399361671	0	0	0	0	0	0	0	0	0	0	0	0	15.1186723658179	0	0	0	0	0	0	50.5601797751341	0	0	0	0	0	0	0	0	0	0	0	0	0	0	0	0	0	0	0	21.4609133464074	0	0	0	0	0	0	0	0	0	0	0	0	35.9630090617054	0	0	0	0	0	0	0	18.2079797575892	0	0	0	0	0	0	0	0	0	0	0	0	0	0	0	0	0	0	0	0	0	0	0	0	0	0	0	0	1.28343087403773	0	0	0	0	0	0	0	0
1959.34592494426	0	19.0506080596381	0	0	0	0	0	0	0	0	0	0	0	0	16.4809342659694	0	0	0	0	0	0	50.7645603780332	0	0	0	0	0	0	0	0	0	0	0	0	0	0	0	0	0	0	0	22.1315496764892	0	0	0	0	0	0	0	0	0	0	0.874463968485005	0	36.7201437028028	0	0	0	0	0	0	0	19.3806323056072	0	0	0	0	0	0	0	0	0	0	0	0	0	0	0	0	2.12000644992607	0	0	0	0	0	0	0	0	0	0	0	2.27466221087605	0	0	0	0	0	0	0	0
1960.10882158688	0	22.3253612005148	0	0	0	0	0	0	0	0	0	0	0	0	17.8431882499899	0	0	0	0	0	0	50.9691253442225	0	0	0	0	0	0	0	0	0	0	0	0	0	0	0	0	0	0	0	22.8021849597342	0	0	0	0	0	0	0	0	0	0	1.83048802685212	0	37.5113436774201	0	0	0	0	0	0	0	20.5533133153402	0	0	0	0	0	0	0	0	0	0	0	0	0	0	0	0	5.1716164077594	0	0	0	0	0	0	0	0	0	0	0	3.26590134906856	0	0	0	0	0	0	0	0
1960.8717182295	0	25.6000993385529	0	0	0	0	0	0	0	0	0	0	0	0	19.9311286228402	0	0	0	0	0	0	51.1738724506518	0	0	0	0	0	0	0	0	0	0	0	0	0	0	0	0	0	0	0	23.4728191967509	0	0	0	0	0	0	0	0	0	0	2.7865119460762	0	38.3344954617491	0	0	0	0	0	0	0	21.7260227772562	0	0	0	0	0	0	0	0	0	0	0	0	0	0	0	0	8.22324439819685	0	0	0	0	0	0	0	0	0	0	0	4.25714829979225	0	0	0	0	0	0	0	0
1961.63461487213	0	28.8748224507344	0	0	0	0	0	0	0	0	0	0	0	0	23.2974326643794	0	0	0	0	0	0	51.3787995078431	0	0	0	0	0	0	0	0	0	0	0	0	0	0	0	0	0	0	0	24.1434523862279	0	0	0	0	0	0	0	0	0	0	3.74253572414121	0	39.7151358576683	0	0	0	0	0	0	0	22.8987606841268	0	0	0	0	0	0	0	0	0	0	0	0	0	0	0	0	11.2748903993844	0	0	0	0	0	0	0	0	0	0	0	5.2484030564978	0	0	0	0	0	0	0	0
1962.39751151475	0	32.1495305157669	0	0	0	0	0	0	0	0	0	0	0	0	26.6750030177192	0	0	0	0	0	0	51.583904359126	0	0	0	0	0	0	0	0	0	0	0	0	0	0	0	0	0	0	0	24.814084528288	0	0	0	0	0	0	0	0	0	0	4.69855936023541	0	41.7622349070856	0	0	4.4634694316555	0	0	0	0	24.0715270261512	0	0	0	0	0	0	0	0	0	0	0	0	0	0	0	0	14.326554388465	0	0	0	0	0	0	0	0	0	0	0	6.23966561767682	0	0	0	0	0	0	0	0
1963.16040815737	0	35.4242235120066	0	0	0	0	0	0	0	0	0	0	0	0	30.0600339796093	0	0	0	0	0	0	51.7891848798013	0	0	0	0	0	0	0	0	0	0	0	0	0	0	0	0	0	0	0	25.4847156228812	0	0	0	0	0	0	0	0	0	0	5.65458285453205	0	43.8093387458445	0	0	9.25230365247744	0	0	0	0	25.2443217954902	0	0	0	0	0	0	0	0	0	0	0	0	0	0	0	0	17.3782363422069	0	0	0	0	0	0	0	1.24433806965096	0	0	0	7.2309359771604	0	0	0	0	0	0	0	0
1963.9233048	0	38.6989014177204	0	0	0	0	0	0	0	0	0	0	0	0	33.4502532330333	0	0	0	0	0	0	51.9946389775383	0	0	0	0	0	0	0	0	0	0	0	0	0	0	0	0	0	0	0	26.1553456687713	0	0	0	0	0	0	0	0	0	0	6.61060620611062	0	45.856447369579	0	0	14.0411361255883	0	0	0	0	26.4171449832671	0	0	0	0	0	0	0	0	0	0	0	0	0	0	0	0	20.4299362372895	0	0	0	0	0	0	0	7.197582492262	0	0	0	8.22221413297152	0	0	0	0	0	0	0	0
1964.68620144262	0	41.9735642116552	0	0	0	0	0	0	0	0	0	0	0	0	36.8442218329648	0	0	0	0	0	0	52.2002645907701	0	0	0	0	0	0	0	0	0	0	0	0	0	0	0	0	0	0	0	26.8259746672196	0	0	0	0	0	0	0	0	0	0	7.56662941663247	0	47.9035607738754	0	0	18.8299668465144	0	0	0	0	27.5899965809342	0	0	0	0	0	0	0	0	0	0	0	0	0	0	0	0	23.4816540513283	0	0	0	0	0	3.61911710019377	0	13.1503660530505	0	0	0	9.21350008261908	0	0	0	0	0	0	0	0
1965.44909808524	0	45.2482118714635	0	0	0	0	0	0	0	0	0	0	0	0	40.2409849056767	0	0	0	0	0	0	52.5073365986818	0	0	0	0	0	0	0	0.691562435645314	0	0	0	0	0	0	0	0	0	0	0	27.4966026162596	0	0	0	0	0	0	0	0	0	0	8.52265248518289	0	49.9506789546437	0	0	23.6187958122949	0	0	0	0	28.7628765795782	0	0	0	0	0	0	0	0	0	0	0	0	0	0	0	0	26.5333897611498	0	0	0	0	0	7.68210751515719	0	19.1026877011082	0	0	0	10.2047938233478	0	0	0	0	0	0	0	0
1966.21199472787	0	48.5228443757452	0	0	0	0	0	0	0	0	0	0	0	0	43.6398841830816	0	0	0	0	0	0	52.9875324949338	0	0	0	0	0	0	0	2.40357802517799	0	0	0	0	0	0	0	0	0	0	0	28.1672295166939	0	0	0	0	0	0	0	0	0	0	9.47867541147633	0	51.9978019072727	0	0	28.4076230194087	0	0	0	0	29.9357849707468	0	0	0	0	0	0	0	0	0	0	0	0	0	0	0	0	29.5851433432025	0	0	0	0	2.35012345255015	11.7453551343113	0	25.0545463877312	0	0	0	11.1960953510449	0	0	0	0	0	0	0	0
1966.97489137049	0	51.7974617027862	0	0	0	0	0	0	0.752284448577352	0	0	0	0	0	47.0404512781819	0	0	0	0	0	0	53.5133957076306	0	0	0	0	0	0	0	4.1155786772161	0	0	0	0	0	0	0	0	0	0	0	28.8378553678561	0	0	0	0	0	0	0	0	0	0	10.434698196001	0	54.0449296278146	0	0	33.1964484637682	0	0	0	0	31.1087217459267	0	0	0	0	0	0	0	0	0	0	0	0	0	0	0	0	32.6369147753981	0	0	0	0	5.72310247001507	15.8088595818108	0	31.0059410635138	0	0	0	12.1874046637576	0	0	0	0.625566807341317	0	0	0	0
1967.73778801311	0	55.0720638310592	0	0	0	0	0	0	1.87217874654794	0	0	0	0	0	50.4423438992546	0	0	0	0	0	0	54.0835917396823	0	0	0	0	0	0	0	5.82756439269769	0	0	6.28907351751276	0	0	0	0	6.4895946818666	0	0	0	29.5084801696151	0	0	0	0	0	0	0	0	0	0	11.3907208381081	0	56.0920621116572	0	0	37.9852721417875	0	0	0	0	32.2816868964148	0.658644389628873	0	0	0	0	0	0	0	0	0	0	0	0	0	0	0	35.6887040344645	0	0	0	0	9.09603281018718	19.8726204822177	0	36.9568706789792	7.48293324924393	0	0	13.1787217564251	0	0	0	2.66719266915977	0	0	0	0
1968.50068465574	0	58.3466507384719	0	0	0	0	0	0	2.99205501629824	0	0	0	0	0	53.8453061303238	0	0	0	0	0	0	54.6967317451434	0	0	0	0	6.013786640077	0	0	7.53953515768603	0	0	13.1929244431398	0	0	1.56617086099205	0	13.7974001982317	0	0	0	30.1791039214172	0	0	0	0	0	0	0	0	0	0	12.3467433386468	0	58.1391993547279	0	0	42.7740940495712	0	0.519953818434525	0	0	33.4546804134875	4.12705346850432	0	0	0	0	0	0	0	0	0	0	0	0	0	0	0	38.7405110974648	0	1.49614730415541	0	0	12.468914405139	23.936637459428	0	42.9073341840514	14.9770846029128	0	0	14.1700466277035	7.05163694050864	0	0	4.70874890234051	0	0	0	0
1969.26358129836	0	61.6212224036874	0	0	0	0	0	0	4.11191324472445	0	0	0	0	0	57.2491428245332	0	0	0	0	0	0	55.3513862713213	0	0	0	0	15.5385855679082	0	0	9.25149096445364	0	0	20.0978454651975	0	0	3.79799691167354	0	21.1048886788235	0	0	0	30.8497266230643	0	0	0	0	0	0	0	0	0	0	13.3027656973891	0	60.1863413525019	0	0	47.5629141829734	0	2.61252439275509	0	0	34.6277022889256	7.59552459210927	0.505004284168352	0.151668407608864	0	0	0	0	0	0	0	0	0	0	0	0	0	41.7923359412448	0	3.02889496406947	0	0	15.8417471833683	28.000910138468	0	44.4846839538094	22.4717837925123	0	0	15.1613792742822	17.1997741234484	0	0	6.75023544478028	0	0	0	0
1970.02647794098	0	64.8957788050266	0	0	0	0	0	0	5.23175343455295	0	0	0	0	0	60.6537025886121	0	0	0	0	0	0	56.0460982449158	0	0	0	0	25.0631247819726	0	0	10.9634318000407	0	0	27.0038344396668	0	0	6.02981831073337	0	28.4120596928055	0	0	0	31.5203482742461	0	0	0	0	0	0	0	0	0	0	14.2587879137074	0	62.2334881007296	0	0	52.3517325389176	0	4.70507462225107	0	0	35.8007525139235	11.0640576808869	3.86981346477877	1.40035995370825	0	0	0	0	0	0	0	0	0	0	0	0	0	44.8441785429132	0	4.56165871671212	0	0	19.2145310759657	32.0654381432482	0	44.8895389019949	29.9670292545974	0	0	16.152719692606	27.3501345966239	0	0	8.79165224441275	0	0	0	0
1970.7893745836	0	68.170319920482	0	0	0	0	0	0	6.35157557829489	0	0	0	0	0	64.0588661775866	0	0	0	0	0	0	56.7793950271186	0	0	0	0	34.5874031619116	0	0	12.675357652994	0	0	33.9108892232351	0	0	8.26163505246639	0	35.7189128091329	0	0	0	32.1909688748323	0	0	0	0	0	0	5.32080361813402	0	0	0	15.2148099875906	0	64.2806395951827	0	1.75794471319277	57.1405491128918	0	6.79760448864797	0	0	36.9738310795484	14.5326526430403	7.23459201918208	2.64905147310942	0	0	0	0	0	0	0	0	0	0.130345731278435	0	0	0	47.8960388794771	0	6.09443855048627	0	0	22.5872660120569	36.1302210983323	0	45.2996166108402	37.4628194266332	0	0	17.1440678797363	37.5027113745523	0	0	10.8329992489004	0	0	0	0
1971.55227122623	0	71.4448457286757	0	0	0	0	0	0	7.47137967617801	0	0	0	0	0	67.4645383956612	0	0	0	0	0	0	57.5497994140003	0	0	0	0	44.1114195869836	0	0	14.3872685152946	0	0	36.8890524672027	0	0	10.493447130854	0	43.025447597239	0.92488684476693	0	0	32.8615884245797	0	0	0	0	0	0	17.5524129260965	0	0	0	16.1708319194622	0	66.3277958315822	0	4.45630755760006	61.9293639016162	0	8.89011397210298	0	0	38.1469379779446	18.0013093943923	10.5993399177739	3.89774293868974	0	0	0	0	0	0	0	0	0	3.11124424441396	0	0	0	50.9479169282295	0	7.62723445178886	0	0	25.9599519202337	40.1952586285098	0	45.7147764258284	44.9591527454507	0	0	18.1354238321865	47.657497476539	0	0	12.8742764058355	0	0	0	0
1972.31516786885	0	74.7193562077524	0	0	0	0	0	0	8.59116572112754	0	0	0	0	0	70.870642325877	0	0	0	0	0	0	58.3558395019608	0	0	0	0	53.635172936453	0	0	16.099164374639	0	0	38.3853416725362	0	0	12.7252545430327	0	50.3316636254152	3.35553079148936	2.92197097475109	3.17451013985447	33.5322069226041	0	0	0	0	0	0	29.7832552058881	0	0	0	17.1268537087401	0	68.3749568055407	0	7.15467804596143	66.7181769011097	5.37924713660836	10.9826030576297	0	0	39.3200731995311	21.4700278455299	12.2235800180195	5.1464343463413	0	0	0	0	0	0	0	0	0	6.09214268575147	0	0	0	53.9998126660851	0	9.16004641310123	0	0	29.3325887311535	44.2605503580923	0	46.1348810445165	52.4560276494298	0	0	19.1267875470087	57.8144859291618	0	0	14.9154836630783	0	0	0	0
1973.07806451147	0	77.9938513358827	0	0	0	0	0	0	9.71093371134806	0	0	0	0	0	74.277115144688	0	7.59860318069791	0	0	0	0	59.1960573874092	0	0	0	0	63.1586620889694	0	0	17.8110452197938	0	0	39.8998116045406	0	0	14.9570572836172	0	57.6375604621443	5.7861586284566	7.66360373634638	18.497658080522	34.2028243694248	0	0	0	0	0	0	42.0133263780614	0	0	0	18.082875355851	0	70.422122512706	0	9.85305616960781	71.5069881074916	11.9541240889965	13.0750717287902	0	0	40.4932367363751	24.938807909095	12.2235800180195	6.39512569603343	0	0	0	0	0	0	0	0	0	9.0730410973292	0	0	0	57.0517260697627	0	12.166274109221	0	0	32.7051763743871	48.3260959124352	0	46.5597965155638	59.9534425759478	0	0	20.1181590218856	67.973669763539	0	0	16.9566209685854	0	0	0	1.76979864768626
1973.8409611541	0	81.2683310917565	0	0	0	0	0	0	10.8306836434234	0	0	0	0	0	77.6839050355173	0	7.59860318069791	4.34724327843915	0	0	0	60.0690167017976	0	0	0	0	72.6818859240377	0	0	19.5229110405878	0	0	41.430470950368	0	0	17.1888553473879	0	64.9431376750009	8.21677033288794	12.4052177481576	33.8159875933284	34.87344076385	0	0	0	0	0	0	54.2426223606713	0	0	0	19.9564291043388	0	72.4692929488815	0	12.5514419203005	76.2957975171844	18.5281353028937	15.1675199680974	0	0	41.6664285799004	28.4076494971226	12.2235800180195	7.64381698966426	0	0	0	0	0	0	0	0	0	12.0539394768548	3.44483909710822	0	0	60.1036571168139	0	15.2654312456692	0	0.646265061355699	36.0777147792879	52.3918949158185	0	46.9893922264911	67.4513959640053	0	0	21.1095382528428	78.1350420169276	0	0	18.9976882703479	0	0	0	3.65668448041916
1974.60385779672	0	84.5427954533583	0.799383012848108	0	0	0	0	0	11.9504155134533	0	0	0	0	0	81.0909688795201	0	8.31614343450444	11.6283668847714	0	0	0	60.9733090121316	0	0	0	2.13223315600947	82.2048433203118	0	0	21.2347618268455	0	0	42.9755922040436	0	0	19.4206487312884	0	72.2483948315924	10.6473658882742	17.1468129688383	49.129474683775	35.5440561065694	0	0	0	0	0	0	66.4711390716113	4.14060989133441	0	0	23.7491357163995	0	74.5164681097013	0	15.2498352883718	81.0846051261542	23.8715021224334	17.2599477589564	1.8580896824132	0	42.8396487210815	31.8765525215339	12.2235800180195	8.89250822513509	0	0	0	0	0	0	0	0	0	14.990357774136	16.1596859169115	0	0	63.1556057839933	0	18.3814954897496	5.70914502440373	2.02660716477157	39.4502038756445	56.4579469936834	0	47.4235408860844	71.7092508095955	0	0	22.1009252374817	88.29859573194	0	0	21.0386855159369	0	0	0	5.54353471802681
1975.36675443934	0	87.817244399023	2.01260801139658	0	0	0	0	0	13.0701293179515	0	0	3.31393386707777	0	0	84.4982705027253	0	13.5049696485279	18.9106382464611	3.60176834443951	0	0	61.9075591432015	0	0	0	6.3650659855244	91.727533156665	0	0	22.9465975664186	0	0	44.5336723285518	0	0	21.6524374289293	0	79.5533314987296	13.0779452771636	21.8883893586787	64.4380953289624	36.2146703964883	0	0	0	0	0	0	78.6988724277222	11.1224819160922	0	0	27.6212782221593	0	76.5636479908303	0	17.9482362655629	85.8734109308252	24.6560466397213	19.3523550849465	5.87028902830324	0	44.0128971516326	35.3455168951054	12.2235800180195	10.1411994023742	0	0	0	0	0	0	0	0	0	18.1445429899851	28.8750674508509	0	0	66.2075720481263	0	21.5071218665788	13.1067996004728	3.40692975251586	42.8226435930753	60.5242517704596	0	47.8621184980711	74.5350350559336	0	0	23.0923199719033	98.4643239570276	0	0	23.0796126534638	0	0	0	7.43034935296919
1976.12965108196	0	90.3665555287469	3.22581369035348	0	0	0	0	0	16.703671332585	0	0	9.4135715205649	0	0	87.9057793325834	0	18.9970904824732	26.1940553676597	12.6622736568346	0	0	64.1662748730689	0	0	0	10.5979095253495	101.249954311665	0	0	24.6584182497173	0	8.41612999999832	46.1033996456111	0	0	23.8842214374395	0	85.4731432418185	15.5085084827703	26.6299468782986	79.7418254778427	36.8852836334605	0	0	0	0	0	0	90.9258183452525	18.1043966735515	0	0	31.5436168838796	0	78.61083258796	2.24389808804223	20.6466448425737	90.6622149273585	25.4464878273923	21.4447419293125	9.88263468755661	0	45.1861738628123	38.814542529475	12.2235800180195	11.3898905234153	0	0	0	0	0	2.16174358612701	0	0	0	21.4750200112483	41.5909808370222	0	0	68.9775319681821	0	24.6386737416182	20.5033403618604	4.78723280727239	46.1950338609816	64.5908088715002	0	48.305004327252	77.4100690098891	0	0	24.0837224530795	108.63221974582	0	0	25.1204696311738	0	0	0	9.3171283698077
1976.89254772459	0	92.8634343170125	4.43900004467759	0	0	0	0	0	25.2755944280782	0	0	15.5137010386626	0	0	91.313469352415	0	24.5901255707217	33.4786162510206	16.8612697950786	0	0	66.7925625924096	0	0	0	14.8307637576768	110.772105663802	0	0	26.3702238661382	0	17.6805736606711	47.6836259834835	0	0	26.1160007516394	0	85.9819971357519	17.9390554877645	31.3714854875173	95.0406410504939	37.5558958173626	0	0	0	0	0	0	103.151972739279	25.0863540345766	0	0	35.4995172811384	0	80.6580218969176	4.6944873432403	23.3450610112138	95.4510171118589	26.2422924768582	23.5371082753029	13.8951264282855	0.979934698952541	46.3594788462608	42.2836293369066	12.2235800180195	12.6385815867116	0	0	0	0	0	5.02182090342515	0	0	0	24.9110711400515	54.3074232126036	0	0	70.1033991585599	0	27.7741488362617	27.898765398456	6.1675163224638	49.5673746093402	68.657617922025	0	48.7520808625278	80.32906842018	0	0.196742483333583	25.0751326786816	114.811968948425	0	0	27.1612563968898	4.57959080990835	0	0	11.2038717595101
1977.65544436721	0	95.4094740493936	5.65216706129962	0	0	0	0	0	33.8574389289446	0	0	21.6143212775019	0	0	94.7213182835311	0	30.2281160474305	40.7643189021355	17.8726217176011	0	0	69.4189000057762	0	0	0	19.0636286601203	120.293986091523	0	0	28.0820144035682	0	26.1243888604507	49.2733432316256	0	0	28.3477753663824	0	86.4928969809189	20.3695862759243	36.1130051473651	110.334517938306	38.2265069480912	0	0	0	0	5.46128139211142	0	115.377331524071	32.0683538708678	0	0	39.4788919202189	0	82.7052159131574	7.14500353298882	26.0434847620945	100.239817480701	27.0429867298134	25.6294541059905	17.9077640173529	13.1850560926868	47.5328120928132	45.7527772295733	12.2235800180195	13.8872725913477	0	0	0	0	0	7.8819010286498	0	0	0	28.4143252653789	67.0243917166307	0	0	71.3090895932067	0	30.9123551204411	35.2930727981934	7.54778028524923	52.9396657678273	72.7246785470408	0	49.203233772406	83.287414287893	0	1.45000035847367	26.0665506450409	117.235878011825	0	0	29.2019728978445	8.44819888330255	0	0	13.0905795110336
1978.41834100983	0	98.0008273831851	6.86531473476681	0	0	0	0	0	42.443238886167	0	0	27.7154310962143	0	0	98.1293069358008	0	35.8898861329122	48.0511613274811	19.5221891850927	0	0	72.0452870578611	0	4.66506724640543	0	23.2965042147302	129.815594473144	0	0	29.7937898523046	0	28.9637640753177	50.8716635821776	0	0	30.5795452778722	0	87.0058065292852	22.8001008301561	40.8545058175981	125.62343200337	38.8971170250974	0	0	0	0	16.4064611156485	0	120.115967835199	39.0503960546474	0	0	43.4752955096956	0	84.7524146328188	9.59544658670524	28.741916086136	105.028616029908	30.21494656838	27.7217794049886	21.9205472208119	25.3896618810241	48.7061735945438	49.2219861198785	12.2235800180195	15.1359635391659	8.09750383210439	0	2.02510491898305	0	0	10.7419839573534	0	0	0	31.962606548463	79.7418834878957	0	0	72.590642570534	0	34.0525390937877	42.6862606475284	8.92802468490573	56.3119072655787	76.7202666851566	0	51.5815987133399	86.2810628129632	0	2.70323737370189	27.057976349231	120.003348454781	0	2.18089301832352	31.2426190827465	13.2706931514885	0	0	14.9772516143962
1979.18123765246	0	100.633978408191	8.07844305425423	0	0	0	0	0	51.0310407589089	0	0	33.8170293543902	0	0	101.537418689858	0	41.5657234083241	55.3391415357761	21.6646991066811	0	0	74.6717236938209	0	9.09010898400651	0	27.5293904017997	139.336929686817	0	0	31.505550201389	0	31.8235129862573	52.4778028480201	0	0	32.8113104816887	0	87.5206902418951	25.2305991334486	45.5959874590323	140.907359078635	39.5677260477665	0	0	0	0	27.3507500261922	0	122.260481763926	46.0324804569609	0	0	47.4844287923619	0	86.7996180509802	12.0458164337091	31.4403549745789	109.81741275576	33.6402323377589	29.8140841553504	25.9334758053306	37.5937494107242	49.8795633424476	52.6912559197063	13.8443946946745	16.3846544290296	31.5805014986563	0	10.3218507855109	0	0	13.602069687877	0	0	0	35.5423543869365	92.4598956651063	0	0	73.94413012034	0	37.1942013053709	50.0783270312131	10.3082495114089	59.6840990325443	80.4308512110014	0.803747735237602	54.1350417716428	89.3064671558282	0	3.95645352290488	28.0494097881308	123.091285196835	0	4.76315142741958	33.2831948990153	18.0931994031489	0	0	16.8638880574014
1979.94413429508	0	103.305715958024	9.29155201047354	0	0	0	0	0	59.6200160110672	0	0	39.9191149114107	0	0	104.945639080282	4.89206265710266	47.2505620341077	62.6282575373723	24.1694338629466	0	0	77.2982098583241	0	13.2787476583113	0	31.762287201753	148.85799061045	0	0	33.2172954398816	0	34.6985567304311	54.0910663523127	0	0	35.0430709724708	0.0812730326269938	88.0375132770283	27.6610811689982	50.3374500316875	156.186274967467	40.2383340164339	0	0	0	0	38.294144223405	0	124.405241674902	53.01460694979	0	0	51.5033192605306	0	88.8468261637642	14.4961130029712	34.13880141833	114.606207654542	37.0652724599092	31.9063683403176	29.9465495372641	49.797316027481	51.0529813281567	56.3166643445533	16.4855336645888	17.6333452617197	55.0627452872885	0	18.6186159572173	0	0	16.4621582156364	0	0	0	39.1448663784897	105.178425387822	0	0	75.3656927441479	0	40.336997696488	57.469270032787	11.688454753087	63.0562409982594	84.1685091300142	4.57894554807913	56.6885819145626	92.360509869204	0	5.20964880336466	29.0408509584584	126.476291132631	0	7.34526899950986	35.3237002948107	22.9157176137947	0	0	18.7504888286762
1980.7070309377	0	106.013107984493	10.5046415960747	0	0	5.88912826659679	0	0	68.2097531692901	1.09061773414719	0	46.021686626897	0	0	108.353955456382	11.3089868612225	52.9415052793775	69.9185073435693	26.9355505211894	0	109.437556262687	79.9247454963122	0	18.5426102055238	0	35.9951945959509	158.378776121961	0	0	34.9290255571154	0	37.5853469388429	55.7108369619667	0	0	37.2748267464997	5.00405550437181	88.5562414772228	30.0915469196724	55.0788934961851	171.460155443545	40.9089409303201	0	0	0	9.36578627165846	49.2366398073668	0	126.550234330133	59.9967754047314	0	0.635136293373801	55.5298485876898	0	90.8940389667292	16.9463362246797	36.8372554086979	119.395000722466	40.4900666652402	33.9986319433935	33.9597681821183	57.448149962179	52.2264275427452	62.9139348832095	19.1400648756501	18.8820360361914	78.5442272268723	0	26.915400364459	0	0	19.3222495385606	0	0	0	42.7643251183167	117.897469795629	0	0	76.851568559607	0	43.4806835710828	64.8590877338191	13.0686404002548	66.4283330925537	87.9297926733982	8.41818925042254	59.242219048488	95.4404447751311	0	6.46282320268047	30.0322998573991	130.135257830834	0	9.92724561907954	37.3641352176167	27.7382477592588	0	0	20.6370539188233
1981.46992758033	0.0677377616234506	108.753477317767	11.7177118004016	0	0	16.1693186277694	0	0	76.800024673693	3.84254567005569	0	52.1247433608399	0	0	111.762356706173	17.7254864731917	58.636778322044	77.2098889677729	29.8905872292015	0	161.702883631833	82.5513305525764	0.282447899756187	24.0889675763902	0.101204594870035	40.2281125644064	165.901502821626	0	0	36.6407405427544	0	42.4584727666182	57.3365649168264	0	0	39.5065777986057	9.92661786579192	89.076841356898	32.5219963685476	59.8203178127453	186.728976250671	41.5795467893582	0	0	0	20.0908926587576	60.1782328770555	0	128.695447372087	66.9789856934444	0	3.01040987160421	59.5624677038805	1.57437730883895	92.9412564555633	19.396486027359	39.5357169366862	124.183791955608	43.9146146838279	36.0908749476402	37.9731315074461	58.6420370202922	53.3999019780594	69.5386333031253	21.8031238579606	20.1307267528325	102.024939345501	0	35.2122039395293	2.03130178146294	2.66749019031112	22.1823436528249	3.24796492420018	0	0	46.396704876388	130.617026028164	0	0	78.3981162369735	0	46.6250801641979	67.5911172035519	14.4488064411374	69.8003752446314	91.7117994989977	12.257745607624	61.7959530802454	98.5438470828892	0	7.71597671306953	31.0237564815118	134.045821540002	0	12.509081168663	39.4044996155582	32.5607898149116	0	4.69295267641819	22.5235833161821
1982.23282422295	5.77818578550147	111.524378997096	12.9307626148843	0	0	26.4496364249606	0	0	85.3906943960241	7.30541929871903	0	58.2282839738791	0	0	115.170833028427	24.1415603793379	64.3352336375556	84.5024004253	32.9838213671808	0	161.702883631833	85.1779649721545	5.62116043238367	29.7601036060632	2.89793281401738	44.4610410877506	167.634860508879	0	0	38.3524403854243	0	47.8283792061394	58.9677591606712	0	0	41.738324124503	14.8489597011603	89.5992800898636	34.9524294990932	64.5617229418145	189.458268397784	42.2501515932823	0	0	0	30.8167357559004	71.1189195301791	0	130.840869251553	73.9612376877215	0	5.38570626815072	63.6000183369795	6.66150279450645	94.9884786260232	21.8465623414757	42.2341859937329	128.972581350322	47.3389162464238	38.1830973363896	41.986639279349	59.8363554572603	54.5734046251447	76.1836101247137	24.4719503507543	21.3794174119886	125.504873669858	0	43.5090266138225	5.98126252500814	7.44348982192086	25.0424405542138	6.97035891483054	0	0	50.0391363535951	143.337091225379	0	0	80.0018322744697	0	49.7700538488389	69.0725076812165	15.828952865349	73.1723673843192	95.5120721167307	16.0976142410351	64.3497839160371	101.668570633442	0	8.96910932209641	32.0152208279543	138.186690475715	0	15.0907755352509	41.4447934363667	37.383343756571	0	11.215567355851	24.4100770101059
1982.99572086557	14.9278899567203	114.323579256262	14.1437940315054	0	0	36.7300810988371	0	0	93.9816758605408	13.7128286711931	0	64.3323073266476	0	0	118.579375744554	30.5572074663807	70.036096609591	91.7960397321409	36.1798376261958	0	161.702883631833	87.8046486997825	10.9599025839585	35.4961027544572	5.6945773783962	48.69398014706	169.376842027172	0	0	40.0641250746247	0	53.1985306160001	60.6039799326138	0	0	43.9700657197437	19.7710805724108	90.1235254972843	37.3828462941962	69.3031088436535	189.458268397784	42.9207553416433	0	0	0	41.5433124172779	73.1407200382763	0	132.986489162882	80.9435312591313	0	7.72431341431322	67.6416174980771	11.7492111151793	97.0357054736474	24.2965650960297	44.932662570274	133.761368902743	50.7629710828308	40.2752990931717	46.000291264639	61.0310798788841	55.7469354757084	82.8439907316768	27.1448644870475	22.628108013576	148.984022225346	0	51.805868319376	9.93133942575941	12.2194899124511	27.9025402402645	10.692906771941	0	0	53.6895219393959	152.085777795309	0	0	81.6593632558973	0	52.9155027424157	70.6778924030671	17.2090796628093	76.5443094412138	99.328518077083	19.9377947732524	66.903711462445	104.812711263269	0	10.2222210195004	33.0066928934361	142.537858497001	0	17.6723286029029	43.4850166280915	42.2059095597188	0	17.7379137761353	26.2965349893939
1983.7586175082	25.5920972383576	117.149036175827	15.3568060402276	0	0	41.460304529022	0	0	102.572911455047	20.7802228538232	2.12208882854835	70.4368122797756	0	0	121.987977141508	36.9724266199604	75.7388255511098	99.0908049065865	39.4536779845633	3.96233802387467	161.702883631833	90.4313816803403	16.2986743012642	41.2697910044938	8.49113826471542	52.9269297224869	171.127180518775	0	0	41.77579459936	0	58.5689264518087	62.2448324175941	0	0	46.2018025794631	24.692980042198	90.6495460351979	39.8132467369047	74.0444754785717	189.458268397784	43.5913580342371	0	0	0	52.2706194983748	74.0060678643162	18.8693651190595	135.132296984946	87.9258662794464	0	10.0885034485348	71.6865805295974	16.7857416608945	99.0829369942347	26.7464942207334	47.6311466578299	138.550154609024	54.1867789231446	42.3674802011321	50.0140872297019	62.2261868331715	56.9204945208608	89.5163413707298	29.8207864265751	23.8767985568152	172.462377035803	0	60.1027289876278	13.8815322923331	16.9954904610399	30.7626427072499	14.415608273295	0	0	57.3462940699491	152.085777795309	0	0	83.3675137660397	0	56.0613478110306	72.3990551643697	18.6808264608284	79.9162013448371	103.159346261998	23.778286825064	69.4577356263026	107.974575402013	0	11.4753117960071	33.9981726754791	147.08072466084	0	20.2537402554696	45.5251691385286	47.028487199582	0	24.2599916120627	28.182957243756
1984.52151415082	36.4590323880182	119.998881965143	16.5697986324586	0	0	44.6221309169051	0	0	111.164361278943	28.012462533101	9.90558898893073	76.5417976944805	0	9.74363658752214	125.396630341216	43.3872167260294	81.443030330316	106.386693968485	42.787493535469	9.20299265473764	161.702883631833	93.0581638589312	21.6374755200568	47.0671797047666	11.2876154339883	57.1598897948686	172.88561869212	0	0	43.4874489490677	0	63.9395661692096	63.8899612920823	0	0	48.4335346992216	29.6146576748745	91.1773107827576	42.2436308105941	78.7858228071909	189.458268397784	44.261959670678	70.856478808768	0	0	62.9986538550741	74.8774853720864	38.8284726335065	137.278283227861	94.9082426203104	0	12.4527555088161	75.7343685278676	22.8946545894555	101.130173183684	29.1963496449288	50.3296382473691	143.338938465485	57.6103394976125	44.4596406433237	54.0280269412045	63.4216546283665	58.0940817521088	96.1981754977005	32.498990885888	25.1254890425612	195.939930123546	17.0193055680703	68.3996085503965	17.8318409389373	21.7714914651774	33.6227479513883	17.3716991196134	0	0	61.0082585651533	152.085777795309	0	0	85.1232506388607	0	59.2075268080762	74.2279734745292	20.4649341977333	83.2880430249158	107.003015730233	27.6190900185406	72.0118563137789	111.152653132775	0	12.728381642487	34.9896601701082	151.798138987255	3.82161896051326	22.8350103784577	47.7475543932836	51.8510766522153	0	30.7818005399364	30.0693437614225
1985.28441079344	47.3894782305554	122.871406804384	17.7827717995419	0	0	47.7917815638881	3.61960747042178	0	119.755996791578	35.3084095257644	17.6896267822647	82.6472624323472	3.89781043171701	20.7221255881108	128.805329189278	49.8015766696223	87.1484228625953	110.374733876644	46.1683040813278	14.4436442222426	161.702883631833	95.6849951802869	26.9763061751799	52.8803665314311	14.0840088502882	61.3928603447578	174.6519084634	0	1.42402116853808	43.9805017875024	22.4720541620388	69.3104492238226	65.5390460216494	0	0	50.7525232412825	34.5361130333617	91.7067894300001	44.6739984978652	83.5271507895384	189.458268397784	45.2327338216221	128.089827073186	0	0	73.7274123437497	75.7547619363916	58.7884330399528	139.42443898453	101.890660153352	0	16.5052300662357	79.7845516106731	29.8362218918866	103.177414037285	31.6461312978629	53.0281373299603	148.127720468343	61.033652535947	46.5517804032122	58.0421101656525	64.6174631715604	59.267697160936	102.887649348127	35.1789728715042	26.3741794701764	211.338390101295	29.7236049474465	76.6965069394564	21.7822651756219	26.5474929247405	36.4828559698559	20.4607136294885	0	0	64.6744901738663	152.085777795309	0	0	86.9237041781732	0	62.3539900416604	76.1569145075241	22.4662021475743	86.659834410918	110.85819440112	31.4602039762834	74.5660734316493	114.345595053194	0	14.0489356260779	35.9811553746936	156.674393347396	15.0939568014995	25.4161388558487	50.2062004881439	56.6736778928775	0	37.3033402350026	31.9556945322642
1986.04730743606	58.3477863625997	125.765044156461	18.9957255318253	7.715572870835	0	50.9677972046035	8.62323875519903	9.90104569056451	128.347797009896	42.6353815901314	25.4742005666796	88.7532053551968	11.0851727320052	31.699746368861	132.214068162555	56.2155053360716	92.8547858091315	113.058175789997	49.5865078627585	19.6842927193775	161.702883631833	98.3118755891875	32.3151662005126	58.7045609585713	16.8803184733685	65.6258413526547	176.425810610044	0	9.47811052570135	44.5582734694187	49.5934521582134	74.6815750712065	67.1917968007391	0	0	53.0889656314722	39.4573456813384	92.2379522661498	47.1043497822773	88.26845938612	189.458268397784	47.0342337601608	130.237073023988	0	5.84636385358561	84.4568918218965	76.6376951990741	72.1882527417064	141.570755886454	108.873118750293	0	21.7059649377889	83.836782734176	37.1465473898678	105.224659550934	34.0958391093751	55.7266438967486	152.397240673423	64.4567177681895	48.6438994639359	62.0563366696289	65.8135938247607	60.4413407389548	109.583367464981	37.8603700509611	27.6228698398302	212.382947857499	29.7236049474465	84.9934240865182	25.7328048155835	31.3234948382978	39.3429667588316	23.8506840968455	0	0	68.3442611853229	152.085777795309	0	0	88.766166937832	2.66893429591322	65.5006973624325	78.1785041213676	24.6317207343197	90.0315754323971	114.723725491985	35.3016283200105	76.5415299132015	117.552192370707	0	19.1891200836842	36.9726582859383	161.695173772862	26.3653183539887	34.0126994729693	52.6693223586298	61.4962908970093	0	43.8246103722044	34.7342829179666
1986.81020407869	69.3207726258382	128.678357448765	20.2086598207475	22.015709250681	0	54.1490583091988	13.62708870552	19.0704628253443	136.939746138345	49.9797450657104	33.2593087009349	94.8596253245755	16.5633475941207	42.6764973260478	135.622842289229	62.6290016104639	98.5619521249433	115.742262589126	53.0348841924793	24.9249381393543	161.702883631833	100.93880503077	37.6540555311205	64.5366938898925	17.7019216151444	69.8588327995418	178.207094435324	0	14.8957912632743	45.3800170284064	76.6992373151779	80.0529431673449	68.8479510323092	0.0325603636686492	0	55.4255796799508	44.3783551818347	92.7707701683023	49.5346846467439	93.0097485573544	189.458268397784	54.0485549294403	132.455116877327	0.541531512529142	14.1543154784388	95.1870891466425	77.5260907520768	73.1118179667164	143.717226063901	115.855618282789	0	26.9296043743339	87.8907786962508	44.6448521440452	107.271909720404	36.5454730085771	58.4251579388614	153.14459794156	67.8795349242479	50.7359978091735	66.0707062200137	67.0100292757957	61.6150124772339	116.284254609887	40.5429157496361	28.8715601513857	213.452084260118	29.7236049474465	93.0011148500345	29.6834596703976	36.0994972053505	42.2030803151192	27.4303257260298	6.93539274834497	0	72.0169915513255	152.085777795309	5.45107359258001	0	90.6480905841054	9.08017132382304	68.6476159786389	80.2857724175129	26.921851325874	93.4032660189704	118.598600102354	39.1433626726295	78.4302091705295	120.771359749623	8.79567891559947	24.4714914449193	37.9641689010359	166.8474874569	37.6356990367472	43.5147669889674	55.1363194067163	66.3189156403743	3.26518349702711	50.3456106258991	40.172180240277
1987.57310072131	80.3024442371059	131.610028019067	21.4215746570525	30.2081965421245	0	57.3346921532886	21.7293627488028	19.5921080241798	145.531832037642	57.3348250130377	41.0449495428861	100.966521203173	20.4505472692522	53.6523768529129	139.031647081578	69.0420643775921	104.26979131167	118.4269611495	56.5079179846867	30.165580474361	161.702883631833	103.565783449745	42.9929741019124	70.374709843129	17.7559153435079	74.0918346658338	179.995537444481	0	17.6873716109711	46.4327360301453	98.2935476887395	85.4245529679967	70.5072702714167	8.68445222842161	0	57.7623442746493	49.2991410982248	93.3052145893238	51.9650030743775	97.6521890351962	189.458268397784	63.1471951840834	134.740438755689	11.7046884886776	22.4615729739958	105.918001176527	78.4197618274665	74.3147234261844	145.863842108979	122.838158622499	0	32.1649390302977	91.9463061274337	52.2502701618506	109.319164541235	38.9950329247686	61.1236794470428	153.895086080124	71.3021037338844	54.8663181205584	70.0852185834197	68.2067534230573	62.7887123672132	122.989469110457	43.2264093644468	30.120250405363	214.545426997907	29.7236049474465	94.0475317922571	33.6342295523713	40.8755000244614	45.0631966352481	31.1343469003719	27.9544784418462	0	75.6922133452775	152.085777795309	11.3230619703494	65.1270505699532	92.5670812970886	15.4913465692334	71.7947188438481	82.4721797211424	29.3073666304011	96.7749061002553	122.481934694577	42.9854066559409	80.3558918251403	124.002120501378	19.3886781935515	29.8205936411884	38.9556872166803	172.119574753783	48.9050942669154	53.0307422553571	57.606693045175	71.1415520983183	9.55123119284845	56.8663406706423	45.8092120198857
1988.33599736393	91.2896879156659	134.558844220625	22.634470032173	30.2081965421245	13.0899363539473	60.524008666248	30.9698964949957	20.1597517277041	154.124045205578	64.6969736718094	48.8311214520897	107.073891853349	24.3419618494773	64.6273833401496	142.440478477874	75.4546925216909	109.978199943826	121.112241264105	60.0013356209237	35.4062197183563	161.702883631833	106.192810791132	48.3319218475609	76.2171811442457	17.8288980242339	78.3248469322823	181.790925031938	0	20.479132772331	47.701096687133	99.2627108324896	90.7964039291214	72.1695375637155	17.3364267647938	0	60.0992415849036	54.2197029935124	93.8412575469296	54.3953050480294	101.872295312645	189.458268397784	72.3376800756321	137.089650869718	22.8695599782776	30.7681340203078	116.649624769872	79.3185289959684	76.3259972745491	148.010597042504	125.134356163307	0	37.4070138733129	96.0031710106022	59.9220308821489	111.366424009155	41.4445187881363	63.8222084127974	154.648659128648	74.7244239266454	61.6358704254417	74.0998735263592	69.4037512713919	63.9624404004581	129.698342839712	45.9106971082268	31.3689406012247	215.662603070209	34.5855974067382	95.0939628689017	37.5851142737292	45.6515032953274	47.9233157156495	34.9232491070269	48.9726431476045	0	79.3695449852922	152.085777795309	17.1943971977783	128.383610154153	94.5208940988	21.9024598531971	74.9419834525496	84.7316268526559	31.7667578810649	100.146495605774	126.37295250157	46.8277598928482	82.3159819437485	127.243593773179	29.9841175475026	35.2060305017194	39.9476687091045	177.500813859808	60.1734994606052	62.5543612890165	60.0800260609812	75.9642002465588	15.8364343898548	63.3868001808452	51.5803959961366
1989.09889400656	102.280726672117	137.523691584062	23.8473459367289	30.2081965421245	22.1920380307334	63.7164552161762	40.248565969967	20.7696189241363	162.716378081181	72.0640309285073	56.6178227872179	113.18173613789	28.2358066946901	75.601515175998	145.849332792728	81.866884927176	115.687094995707	123.798075329071	63.5117810851958	40.6468558631454	161.702883631833	108.819886999805	53.6708987026384	82.0630855668406	21.206648858845	82.5578695792346	183.593050179257	0	23.2709567182507	49.1683708592554	100.370841523142	96.1684955068798	73.8345551193361	25.9884838407706	0	62.4362564481699	59.1400404311181	94.378871612139	56.8255905512183	106.134735822108	189.458268397784	81.5890330541484	139.499502641814	34.0361387160473	39.0739962941932	127.381956786187	80.2222198748385	78.8628620690967	150.157484283145	126.005001317546	0	42.6533043746184	100.061210734011	67.637563948276	113.413688119989	45.6260745037901	66.5207448270136	155.405271832278	78.1464952321573	68.4668779615483	78.1146708159382	70.601008839436	65.1361965683013	136.410338763099	48.5956591123384	32.617630738963	216.803239217875	40.9768551783418	96.1404076397359	41.5361136462638	50.4275070164504	50.7834375533957	38.7722053663275	53.3367671371813	0	83.0486722360455	152.085777795309	23.0650784176998	130.81290285214	96.5074264340482	28.3135110003998	78.0893909244202	87.0584532758436	34.2841047525551	103.518034465181	130.270968097207	50.6704220057981	84.3080806792226	130.49498344021	40.5819893288774	40.6133567553955	41.0135272258694	182.981623669186	69.2703350662181	72.0826658974821	62.555966760429	80.7868600606291	22.1207914665611	69.9069888302346	57.4455514049365
1989.86179064918	113.27447257069	140.503543939968	25.0602023618045	36.1397592572376	23.0801349311689	66.9115841435642	49.5440407126291	21.4180992988429	171.308824557749	79.4346367606106	64.4050519078656	119.290052919778	32.1311612734225	86.5747707464008	149.258206674032	88.2786404780364	121.396409048866	126.484438068381	67.0365864671401	45.8874889025587	161.702883631833	111.447012020642	59.0099046019082	87.9116720885366	25.6963661090136	86.7909025875144	185.401713164663	28.2319039857342	26.6968789719951	50.8172900960785	101.613384617411	101.540827157101	75.5021422789714	34.6406231577508	0	64.7733758895751	64.0601529737517	94.9180298985643	59.2558595669251	110.434565310045	189.458268397784	90.8827167618157	141.966883625818	45.2044174349161	47.3791574736244	138.114994085036	81.1306688435775	81.876477508528	152.304497619654	126.890823959839	0	47.902390173497	104.120287992792	75.383430684951	115.460956869256	51.2877156049008	69.219288680933	156.257486607393	81.5683173799043	75.3429246799903	82.1296102186413	71.7985130754401	66.3099808622044	143.125020343936	51.2812005661179	33.8663208186016	217.966962334635	47.3675155849995	97.186865683507	45.4872274821611	55.203511187126	53.6435621444299	42.6650104509188	55.0830093430817	0	86.7293340033646	152.085777795309	28.9351047706456	133.244695434859	98.5247112705179	34.7244998346425	81.2369253035626	89.4474262669063	36.8475072572417	106.8895226079	134.175374529539	54.5133926176206	86.3299731517357	133.755568455726	51.1822858966003	46.0348651657552	42.1420265662724	188.002556761757	71.8481898040968	81.6140777570754	65.0342166632859	85.6095315159326	28.4043008022445	76.426906292357	63.3788096478873
1990.6246872918	124.270222328942	143.497455409444	26.273039298498	42.6638753844798	23.9687326062135	70.1090290482635	58.8484341969552	22.1017906691045	179.901379635394	86.80789245933	72.1928071736784	125.398841062489	36.0275028156735	96.8159494950174	152.667097065897	94.6899580580915	127.106086789596	129.171306292819	70.5736068879586	51.1281188289361	161.702883631833	114.074185798597	64.3489394799093	93.7623766009689	30.7332526878746	91.0239459378657	187.216721282276	76.8700412190365	31.0190056486673	52.630744387896	102.985466407298	106.913398336005	78.4981733335764	43.2928444163597	0	67.1105887404831	68.9800401845349	95.4587060514256	61.6861120780643	114.767539559074	189.458268397784	99.1250748154213	144.488824555501	56.3743888708814	55.6836152346853	148.848733526708	82.0437167693542	85.3163379215189	154.451631185054	127.791510629662	0	53.153411254366	108.180286056825	83.1511548574346	117.508230252735	57.063963008825	71.9178399652677	157.276650773511	84.9898900996977	82.2529879835001	86.1446915013972	72.9962517815477	67.4837932736799	149.84202912107	53.9672454961547	35.115010840062	219.153399859536	53.7575771883458	98.2333365969316	49.4384555937903	59.9795158068252	56.0931643486979	46.5907153945131	56.8370582052748	0	90.4113115705722	152.085777795309	34.8044753995776	135.678854409827	100.57090993469	41.1354261801937	84.3845730123655	91.8937237507868	39.4479659290555	110.260959963563	138.085632540079	58.3566713509536	88.3796154824058	137.024694448502	61.7849996165333	51.4660790194531	43.328280424232	192.514353263255	74.4842228443474	91.1476779733058	67.5145208540402	90.4322145882791	34.6869607742274	82.9465522406798	69.3628924330147
1991.38758393443	135.267501138183	146.504553179515	27.4858567379171	49.1879930462103	24.8577762159354	73.308487209642	68.1581596223198	25.1087487667886	186.247919683888	94.1831804391496	79.9810869447184	131.508099429458	39.9913024469883	99.9922569365413	156.076001176077	101.100836550657	132.816082408644	131.85865868859	74.1211000580179	56.3549427542071	161.702883631833	116.701408278621	69.6880032715092	99.614767180813	36.0890148229774	95.2569996107346	189.037888572517	122.483836898456	35.3411323246157	54.5923009780898	104.481975050349	112.286208499798	82.3498679717487	51.9451473178517	0	69.4478853351859	73.8997016264524	96.0008742367324	64.1163480678477	119.13000156321	189.458268397784	100.760135447244	147.062496831169	67.5460457638892	63.9873672539191	159.583171971977	86.2968564828293	89.1331074576272	156.598879433251	128.706751416319	0	58.4058165373368	112.241105060672	90.9351358253974	119.555508266103	62.9230249851566	74.6163986715072	158.373256924754	88.4112131205034	89.1894118958331	90.1599144309053	74.1942135451608	68.6576337939582	156.561068024415	56.6537323071646	36.3637008034293	220.362180149471	60.1470385490043	99.2798199935219	53.3897977930793	64.7555208740826	56.1481246741473	50.5416921241853	58.5982120323981	0	94.0944203437841	152.085777795309	40.6731894451894	138.115255567559	102.644304853966	47.5462898605266	87.5323224252285	94.392912958137	42.0785903201902	113.632346461778	142.001261491801	62.2002578291869	90.4551222026084	140.301766389981	72.3901228616447	56.9042238847014	44.5676849913877	197.026409641483	77.1724660596259	100.682895220011	69.9966603520485	95.2549092528829	40.9687697595293	89.4659263481428	75.3858774712747
1992.15048057705	146.265976845829	149.524030985594	28.6986546707052	55.7121122377974	26.8871595167443	76.5097063668091	77.4713522421852	28.4338776347242	186.392804637172	101.560062341291	87.7698895815253	137.61782688463	48.3554435863804	103.199413679008	159.484916447992	107.51127483921	138.526357644067	134.546475630415	77.6776372079468	61.2501222562768	161.702883631833	119.49577446645	75.0270959113781	105.468507506025	41.6408691970976	99.4900635868334	190.865035561976	123.568328611221	39.6632590005932	56.68655016461	106.097637091295	117.659257104909	86.2116929919878	60.5975315634099	0	71.7852572662327	78.8191368623525	96.5445091306347	66.5465675192537	123.518787891144	189.458268397784	102.399610927531	149.685210725751	78.7193808567367	72.2904112064852	170.318306281912	90.9618785930339	93.2805314372688	158.746237117237	129.636240187488	0	63.6592366203678	116.30265906749	98.7315289850702	121.602790905055	68.8435427942116	77.3149647905565	159.545702239008	91.832286171794	96.1467226536194	94.1752787741429	75.3923876769103	69.8315024145935	163.367792745604	59.3406105342269	37.6123907086848	221.592932832636	66.5358982276398	100.326315503296	57.3412538924084	69.5315263880509	56.2210722467196	54.5124807286124	60.3658483365208	2.78749529080851	97.7785034507886	152.085777795309	46.5412460477692	140.553783198431	104.743292338683	53.9570907002153	90.68016352862	96.9409265918685	44.7340393978653	116.482905341226	145.921831700181	66.0441516751623	92.5547541909721	143.586242182058	82.9976480119824	62.3474902508106	45.8559382324161	201.538709849783	79.9076438452644	110.219355529905	72.4804460204524	100.077615485546	47.2497261344306	95.9850282877856	81.4393003265036
1992.91337721967	157.265410106943	152.555143229967	29.9114330883428	62.2362329551595	34.2761571085688	79.7124746522168	86.7869468669937	31.7590522872102	186.53806709176	108.938218440977	95.5592134446235	143.728022291868	56.7206776446689	106.434600635237	162.893840536065	113.921271806561	144.236880287821	137.234739017285	81.2420363820501	66.1483668850815	161.702883631833	122.549285238893	80.3662173342337	111.323331774476	47.3199116223668	103.723137846652	192.697989013709	124.859210667592	43.9853856761343	58.8993036017577	107.827088201013	123.032543607468	90.0823471167875	69.2499968540971	0	74.1226971857127	83.7383454548383	97.089585909225	68.976770415657	127.931151492978	189.458268397784	104.043293637786	152.354412562971	89.894386895978	80.5927447672367	181.054133318108	95.6269066699256	97.7165165503906	160.893699269306	130.579674794634	0	68.9134146136167	120.364873724898	106.537609752995	123.650078165266	74.8107261498854	80.0135383133993	160.792321799924	95.2531089829974	104.496350105632	98.190784297735	76.590764154459	71.0053991268649	171.752268929338	62.027838435598	38.8610805554899	222.845289142302	72.9241547840306	101.372822771033	61.2928237037584	74.3075323481191	56.3119375295902	58.4990793352561	62.1394132945694	8.74561102752137	101.463426725595	152.085777795309	52.4086443475506	142.994329385948	106.866375503346	60.3678285224792	93.8280876520245	99.534037801344	47.4101235344557	118.935094277607	149.846957924711	69.8883525120468	94.6769072367184	146.877627036295	93.6075674541731	67.7946482606091	47.1890468868271	206.05123924214	82.6850923935732	119.756803771911	74.9657136705685	104.90033326162	53.5298282743392	102.503857731945	87.5169997679462
1993.67627386229	168.265624069277	155.597199672214	31.1241919813879	68.7603551935806	41.9856006640027	82.9166128374331	96.104290820316	35.0842726611616	186.683706173868	116.317410068986	103.349056894988	149.838684515772	65.0867925670214	109.695308246304	162.893840536065	120.33082633564	149.94762303359	139.923432126593	84.8133118840383	71.0490419610968	161.702883631833	125.605473203704	85.7053674746789	117.179027117526	53.0853966847108	107.956222370961	194.536581686794	126.350122025773	48.3075123512219	61.217677900502	109.664936820957	128.406067463836	93.9607407342	77.9025428912402	0	76.4601986444379	88.6573269667052	97.6360802385029	71.4069567398749	132.364697892422	189.458268397784	105.690988354095	155.067681089006	101.071056631138	88.8943656104235	191.790649942734	100.291940701032	102.403569368704	163.041261182365	131.536757255677	0	74.1681663251754	123.920211279064	114.351394521509	125.180967950691	80.8140521444683	82.7121192314133	162.111398542082	98.6736812830596	112.917189926448	102.206430768711	77.7893335712825	72.1793239222993	180.177336049666	64.7153811839249	40.1097703441376	224.118882231128	79.3118067778378	102.419341456448	65.2445070396911	79.08353875304	56.4206343184669	62.4984928072457	63.9331226233225	14.7037289536392	105.149074743179	152.085777795309	58.2753834833765	145.436793369073	108.943474121764	66.7785031515905	96.9760872490251	102.168834922421	50.1035188790282	121.389884535299	153.77629382283	73.7328599632592	96.8201012871899	150.175468537052	104.219873582692	73.2448331286508	48.5633241662986	210.563984423564	85.500686332572	129.295059849482	77.4523200955135	109.723062556848	59.8090745535866	109.022414353023	93.6143918703588
1994.43917050492	179.266485209587	158.649560633281	32.3369313413247	75.2844789489407	49.8670883895183	86.121968294449	105.422961823818	38.4095386930452	186.829721010228	123.697455461386	111.139418294029	155.949812420821	73.453672027844	112.979298145559	162.893840536065	126.739937308721	155.658562578352	142.612539484518	88.3906355387491	75.9516763310149	162.118858912875	128.664156757686	91.0445462675919	123.035421023092	58.9120029158115	112.189317140362	196.380652105274	128.034040180004	52.6296390264453	63.630095945044	111.605819934269	133.779828130725	97.845954967626	86.5551693757456	1.31006610573237	78.7977559573229	93.57608096066	98.1839682637686	73.8371264751142	136.817332281928	189.458268397784	107.342511373863	157.822723230984	112.249382815185	97.1952714093513	202.527853018282	104.956980674135	107.308796345672	165.188918393483	132.507193917623	0	79.4233562309855	126.135218810357	122.171405409742	126.525650420377	86.8458519557047	85.410707535409	163.501172936146	102.094002801202	121.344589558497	106.222217954023	78.9880870907619	73.3532767924057	188.637570293667	73.1040268432533	41.3584600746919	225.413347466684	85.6988527682379	103.465871232783	69.1963037119694	83.8595456020803	56.5470601485091	67.8992880789686	65.7724355936561	20.6918448581007	108.835347654545	152.085777795309	64.141462594208	147.881080964993	110.971481764891	73.1891144116089	100.124155721512	104.842196670518	52.8115602165889	123.847116570788	157.709527206188	82.3083687252119	98.982970404475	153.479352295447	114.834558797941	78.6974191962718	49.9753807232072	215.076933118767	88.3507729933606	138.833992939414	79.9401398329434	114.545803346613	66.0874633451988	115.54069782298	99.7279998567712
1995.20206714754	190.267890813967	161.711632661087	33.5496511587805	81.8086042169216	57.8503455197159	89.3284102475319	114.74267451396	41.7348503189607	186.976110728058	131.078213755371	118.930296003343	162.06140487186	81.8212465029246	116.284569860143	162.893840536065	140.061714296565	161.369678913819	144.718310909053	91.9733066989747	80.8559129441518	162.891629427513	131.725171001547	96.383753647637	128.892372178943	64.7832882688571	115.968969122298	198.230044336053	129.903425176227	56.9517657011835	66.1262338305314	113.644450653489	136.876538078715	101.737209796486	95.2078760089223	5.83797930746127	81.1353640946938	98.4946069992617	98.7332266002121	76.2672796043753	141.287215512608	189.458268397784	108.997689710321	160.617369406783	123.429358204435	105.495459837137	213.265739407696	109.622026577051	112.40363809812	167.336666667875	133.490695597541	3.27578076349393	84.6788823829037	128.357382564259	130.053096266422	127.873901699019	92.9004165275776	88.1093032166401	164.959852318951	105.51407326646	129.777439070139	110.238145620342	80.1870164027862	74.5272577284949	197.128457977961	88.1161773762659	42.6071497469155	226.728322707641	92.0852913139023	104.512411786343	73.148213533343	88.635552894269	56.6910967715114	79.8106855104944	67.626610350766	28.1422942127339	112.522158641964	152.085777795309	69.8781289731183	150.327104046612	112.999514672264	79.599662126294	103.272287274365	107.551268258789	55.5320890707942	126.306643101798	161.646375967881	98.399435843495	101.164253434032	158.195158699813	125.451615507925	84.1519427060379	51.4221110196456	219.590074057368	91.2321141028966	148.373505660713	82.4290625090236	119.368555606541	72.3649930221577	120.280420533949	115.967915712801
1995.96496379016	201.26976056099	164.782864610312	34.7623514248441	88.332730992922	65.898395933098	92.5358260048968	124.063229051308	45.0602074752864	187.122874454808	138.459574097107	126.721688384596	168.173460733986	90.1894715658373	119.609331898881	162.893840536065	155.203597112529	167.080954764226	150.553658109869	95.5607287972429	85.7614763139472	163.74320196903	134.788365874396	108.264045839775	134.749763699927	70.6881640637121	116.363161179814	200.084607775647	131.950360616835	61.2738923755791	68.6969353339305	115.775657699851	137.545850867764	105.633839001163	103.86066249176	10.3659397807691	83.4730185894684	103.412904645054	99.2838323230673	78.6974161108853	145.77272735725	189.458268397784	110.656360351943	163.449568527039	134.610975558429	113.499683476014	217.545053774521	114.287078397429	117.66346613477	169.48450198476	134.486977706279	13.2303318902869	89.9346666034583	130.586338938072	138.03937277793	129.225611238651	98.9734147393383	90.8079062660411	166.485619790787	108.933892407601	138.214897996887	114.254213534911	81.3861136860484	75.7012667219932	205.646215659869	103.462233755484	43.8558393607251	228.063448561782	98.4711209730275	105.558962815848	77.1002363155026	93.4115606286022	56.8526106979545	91.7256653819336	69.4944487707667	36.0672033176495	116.209431856829	152.085777795309	74.9892170945018	152.774780068368	115.02757280039	86.0101461193712	106.420476797355	110.293438747455	59.2447941915003	128.768327964849	176.517068448051	117.287241092269	103.362785371687	164.560803138503	136.071036127311	89.6080526603507	52.9006768006301	224.103396872731	94.1418344359757	157.913523978308	84.9800796761599	124.191319312201	78.6416619563882	120.280420533949	138.711215639924
1996.72786043279	212.272030721097	167.862744094444	35.9750321308624	94.8267554399994	73.9900996100446	95.7441179429967	133.384481256508	48.3856100982189	187.270011318832	145.841448053045	134.513593800109	174.204042837708	98.5583172372977	122.951976648901	162.893840536065	170.089709035463	172.79237513427	160.80538056094	99.152390849788	90.6681505060943	164.672338908517	137.853604530576	122.225975355238	140.607498044205	76.6189043883423	116.766447244457	201.944196945305	134.166686872799	65.5960190496666	71.4009685315226	117.994417148334	138.307438757287	109.535270299067	112.513528525419	14.8939474448121	85.8107154612892	108.330973460535	99.8357629581226	81.1275359775618	150.272435734892	189.458268397784	112.318369579144	166.317382804248	145.79422763969	113.499683476014	221.099513067535	118.952136122932	122.890756949368	171.63242052376	135.495760352621	23.1850758317417	95.190647926766	132.821747653747	146.025932731653	130.580672787063	105.061505138198	107.177726531413	168.076642615933	112.353459953778	146.656318164632	118.270421464521	82.5853715722359	76.8753037643166	214.187650540136	119.013106416688	45.1045289161696	229.418368625702	101.816339746176	106.605524032127	81.0523718711445	98.1875688042339	57.0314538010409	103.643096104608	71.3748698135672	44.2127511726537	119.897100736106	152.085777795309	80.2100851278934	155.224031635483	117.055656107287	92.4205662149312	109.568719766498	113.066319803843	69.4229808144191	131.232045096377	179.538764909029	137.827916684594	105.577489404329	171.051605516565	146.692813077595	95.065478539965	69.5251421732176	228.616892012865	97.0773768213475	167.45399055523	87.5374225247359	129.014094438976	84.9174685182995	120.280420533949	161.737220328993
1997.49075707541	223.274650069913	170.950794271071	37.1876932675476	100.603348899031	82.1125522950157	98.9532010730602	142.706324442055	51.7110581243639	187.417520448602	153.223764213278	142.306010612265	179.300493651143	106.927762333807	126.311058564521	162.893840536065	171.108692943774	178.503926945052	174.702042119526	102.747852741204	95.575763882542	165.677720260748	140.920761924614	136.435128999935	146.465493148503	82.569973078799	117.17873387185	203.808671294104	136.544122905271	69.9181457235337	76.273237196244	120.295877018407	139.159808486661	113.441009470727	121.166473811176	19.422002221431	88.1484511515438	113.248813008057	112.88025948255	88.8314327184357	154.785070838293	189.458268397784	113.983572334245	169.218982467488	153.561824457228	113.499683476014	224.66795423799	123.617199741346	124.934512053493	173.780418652579	136.516768431296	33.1400117639347	100.446778096437	135.063290000522	154.012737601556	133.387751053239	111.162070789983	112.130333985521	169.731080079008	115.819622110591	155.101191570077	122.286769176153	83.7847831140289	78.0493688469871	222.750051199929	134.697881261963	46.3532184132175	230.792729706736	103.071021000376	107.652095156684	85.0046200123763	102.963577420306	57.2274639732085	115.562312005688	73.2668965441562	52.476783137685	123.5851066195	152.085777795309	85.5206813849458	157.674786112057	119.083764552466	98.8309222368043	112.297294396304	115.867725960208	79.6591942998311	133.697677622956	182.560596815825	159.384695251802	107.807369590448	174.733541820038	157.535070958795	100.524008503054	92.0107892564537	233.130550661607	100.036462855217	176.994860254509	90.0962692277579	133.919523112736	91.1924110780475	120.280420533949	184.943935765203
1998.25365371803	234.277576952828	174.046570928399	38.4003348256651	106.409247274028	90.2574529067324	114.661008761771	152.028677923278	55.0365514898815	187.565400973309	158.332689118403	150.09893718397	184.420702981786	115.297791276588	129.685275203174	163.983341282549	172.157531022769	184.215598736551	191.4554728198	106.346733425259	100.484178305411	166.757952062254	143.989723571731	150.822050227364	152.323679453251	88.5373054379928	117.599926846561	205.677895010252	139.074374299912	74.240272397184	81.1462447765828	122.675375428162	140.10132468357	117.350627576758	129.819498050104	23.9501040283213	90.4862224691517	118.166422849938	129.683630161733	93.6707517224639	159.309503303618	189.458268397784	115.651831640578	172.152640459156	153.561824457228	113.499683476014	228.24972237382	128.282269240417	135.800385479788	175.928492915698	137.549731694667	43.0951388638958	105.703018407201	137.310667225568	161.999756432507	150.872866574725	117.273034372932	117.085137533911	171.447090761758	120.164632146331	163.529360426265	126.303256436899	84.9843417553653	79.2234619614543	231.331101374934	150.474696853675	47.6019078520522	232.186182027763	104.400982080423	108.698675922309	88.9569805515796	107.739586475785	57.4404658295686	127.482895676492	76.2898485311364	60.8114344281192	127.27339760625	152.085777795309	90.9053301107446	160.126975264104	121.111898096435	105.241214008807	114.565400416594	118.695656389635	89.9336307845087	136.165117046367	185.582559831135	178.979323976766	110.05150414535	175.702684346134	172.501051459904	105.983474303278	114.546791847804	237.644364668916	103.01705867206	186.536097019882	92.6564945896195	140.822381260104	97.4664880045466	120.280420533949	208.274097909001
1999.01655036065	245.280777139042	176.841676742461	39.6129567963677	112.239927084806	98.4192284516832	124.836613535975	161.35147950976	58.2562282094834	187.713652022583	158.332689118403	157.892371877945	189.562799517903	123.668392196003	133.073450715943	165.450708764958	173.235675428475	191.852678309168	210.387806202434	109.948701392539	105.393281347994	167.911574854756	147.060384461702	165.340703937522	158.181997588535	94.5178531862867	118.029931267726	207.551736839638	141.749226231471	78.5623990704437	86.019929659065	125.128453089893	141.130224572046	121.263750590705	138.472600943199	28.4782527850633	92.8240265443452	123.083802548371	146.60573119905	96.1829033854224	163.844725727179	189.458268397784	117.323018065104	175.116727177457	153.561824457228	113.499683476014	231.844200656695	133.82349655721	148.929255359116	178.076640023625	138.594384809919	53.0504563077038	110.959337442589	139.56359905938	169.986964062226	168.351536293778	123.392726755974	122.041875397437	173.22283922031	124.620517530489	171.827679546837	130.319883013788	86.1840413043301	80.3975830989321	239.928811377102	166.317366615473	48.8505972321201	232.186182027763	105.803372399403	109.745266071551	92.909453301079	112.515595969772	60.4683923758446	139.40457188873	81.2706578991515	69.1915580956771	130.961927604645	152.085777795309	96.3516623425299	162.580534934149	123.140056701462	111.651441354942	116.892747689267	119.69892947381	100.23454384088	138.634262513975	188.60464989152	178.979323976766	112.309039289787	179.66152892032	187.766778974909	112.095084785664	127.133401939479	242.158326488665	106.017345163098	196.077671667649	95.2179868146475	147.783296437481	103.739697666101	120.280420533949	231.693203817742
1999.77944700328	249.86136140853	176.841676742461	40.8255591711373	118.091740474551	107.545624087414	135.012783948044	170.674680456332	78.737284883337	187.862272726726	158.332689118403	169.340170578724	194.725101682198	131.636048605172	136.474521456525	166.91838639041	174.34257689983	200.620950132236	219.252678657847	113.553466916546	110.302980582636	169.13707216979	150.132648102403	181.421112844985	164.040396555078	100.509287358121	121.376229700101	209.430069911929	144.560621025393	82.8845257434435	90.8942432853397	127.650860946217	142.244633119927	125.180050935349	147.125782191803	33.0064484121355	95.3144197859369	123.083802548371	163.610808483723	98.7001057286472	168.389836960119	189.458268397784	118.997009222221	178.109705313357	153.561824457228	113.499683476014	235.450807806664	140.426715592925	162.908814549147	180.224856842862	139.650467401357	63.0059632719494	112.258185753862	141.821822364404	177.974339821666	185.823573419295	129.51979196126	162.832855080726	175.056502051762	129.175802620019	180.175564426671	134.336648673779	87.38387590847	81.5717322509694	248.541463144631	182.208717522064	57.7605146248195	232.186182027763	107.275339782103	110.791865357035	96.862038072986	117.291605901407	66.2113254780125	151.327151618576	86.2519875339165	77.6027512082883	134.65065553738	152.085777795309	101.849826215132	165.035404743476	125.168240330348	118.061604098925	119.275888375159	121.009044207779	110.554539083458	144.243562720905	191.626863185673	178.979323976766	114.579183623216	184.383408368285	203.265249547177	118.335552492242	137.597973626441	246.672429123635	109.03569207832	203.382401718022	97.7806457692268	154.794479094642	110.012038429789	120.280420533949	236.672365599945
2000.5423436459	252.194954603239	194.158792233947	42.0381419403408	123.961716165535	117.517999692082	145.189409505166	179.998241982307	140.086238654244	189.286824644129	158.332689118403	183.898840601774	199.906095008056	138.008697826689	139.887523418886	168.386365672837	175.477685710626	209.391614866736	221.975380421717	117.160775703687	115.213199324813	170.432878918196	151.662546615491	197.653582860709	168.209816026758	106.509799067813	128.70344863178	211.312771573287	147.500720743455	111.90557669898	95.7691468325812	130.238563717673	143.442578356591	129.099240528116	155.779041496828	37.5346908283555	108.912746044672	123.083802548371	180.67640571515	101.221981949809	172.944028717745	189.458268397784	120.67368931498	181.130124820217	153.561824457228	113.499683476014	239.068995712413	147.049288528532	177.538525111927	184.971164650577	140.717724081108	72.9616589333055	113.636373605105	144.08508989466	185.961866570377	194.504054492938	135.653117349114	177.641791864034	176.946273352956	133.820334780668	188.566667653566	137.930704257442	87.38387590847	82.7459094090451	257.167565901249	198.137040138454	94.6457780833464	232.186182027763	108.814049177821	114.287489977239	102.565480420659	122.067616269702	91.4155204372678	163.250500581856	91.2338366405361	86.0361956065838	138.339544673498	152.085777795309	107.391901918212	167.491527820601	127.196448947206	124.471702064613	121.711564656192	126.208243202831	114.679312879117	152.723506072947	194.649196134848	178.979323976766	116.861202981514	189.17032762937	218.947521795048	124.60778273332	148.418120132691	248.57347580082	112.070635505357	203.382401718022	100.344381504523	161.849437214598	116.283508662098	130.441893446285	236.922778055403
2001.30524028852	254.536866476887	212.328694634844	43.2507050953699	129.847411576105	127.503756218255	155.366408610764	192.462933929367	147.175892708962	196.574273956975	158.332689118403	198.476845412639	199.906095008056	144.868412079757	143.6820450283	169.854638417376	176.640452570682	218.164392173752	224.701800338006	120.770403662681	116.123113584764	171.797389598559	151.934485762398	213.90181774228	168.887670954583	139.94376808878	136.184844875005	218.241837164571	150.561955766932	111.90557669898	100.64460885922	132.887740086127	144.722006616198	133.021065033522	164.432378559607	102.778856192931	121.553758415648	127.421563579579	196.737177479642	105.312041806006	177.506574124652	189.458268397784	131.166684271677	184.176618044607	153.561824457228	113.499683476014	242.698247235069	153.688747249509	192.67061831627	191.896768296531	141.79590446615	84.0212071802413	127.38760703065	146.35316915687	193.949529969925	194.504054492938	141.791781586482	192.467228279415	182.85988315095	138.545136493482	188.566667653566	145.234592238382	87.38387590847	83.9201145645721	257.167565901249	202.133251509642	133.452335247568	232.186182027763	110.416699022279	122.038089393788	110.729389174407	126.843627073715	129.57959631279	175.174520612763	96.2162044242818	94.4861996311991	142.028562064711	152.085777795309	110.873843123585	169.94885055194	129.224682516967	130.881735075963	124.196704737271	133.608274494783	117.333148497207	170.613190885886	197.671645375313	178.979323976766	119.15441574039	194.017529215129	218.947521795048	130.907275880681	159.521905615793	249.626435147098	115.120858278395	203.382401718022	102.907906753725	168.942725391849	121.625829632914	160.56539889964	237.173803426971
2002.06813693115	256.886873594682	230.531902268133	73.5595972514737	135.746801606839	137.499978408757	162.535103872319	206.243121545949	220.236519141558	204.044960284265	158.332689118403	213.070380619555	199.906095008056	152.149646765992	148.62541678125	224.216974013137	177.830329474624	226.597340256902	227.431804975783	124.382152568047	116.123113584764	173.228966248739	172.346347241713	230.162590499697	169.574011509166	141.103326079948	143.796487383956	233.931156367583	161.053219871921	123.183027828509	105.520603600929	136.972009592025	147.045398298254	136.945299085832	176.034515194515	132.749750950772	129.391104385733	136.163722244872	198.060350501662	114.759948924949	180.757391340035	189.458268397784	154.483545370417	187.247895038282	153.561824457228	113.499683476014	245.545251469028	160.343026421559	208.195832302776	198.826982655935	142.884763186006	98.9077057350803	136.617240040191	148.536548858979	201.937317929971	194.504054492938	147.935015356702	207.305041017766	183.799796759588	169.358045780223	188.566667653566	153.81887463452	90.5139485189802	90.1618652179561	257.167565901249	203.744210932014	172.290703253069	232.186182027763	112.080535275484	129.825138572566	119.295914580788	127.724292263177	142.516252674362	185.672707796802	99.1244302567388	102.948929129863	145.717678066884	152.085777795309	110.873843123585	172.40732235362	131.252941005394	137.020647859568	126.728417354271	140.882252642225	120.01266775604	191.876309172833	200.694207741909	178.979323976766	121.458188528656	274.583642896186	218.947521795048	137.230340113651	170.854411176512	250.683562496122	118.185172919767	203.382401718022	130.378168984483	176.069748007045	122.272121108242	166.455754460053	237.425439773893
2002.83103357377	259.244759845665	248.760449488003	125.82107347032	140.805867441895	147.504538564845	164.646445990782	220.030832530107	228.759034018997	211.679647187383	158.332689118403	227.676612102104	199.906095008056	164.467426462624	153.786614720452	235.862035602234	179.046770498399	229.661410975418	230.165267062394	127.995846448026	117.872439876044	182.208491713284	233.480257252844	246.433522574243	179.997725949545	142.33004952911	151.518872562426	266.001945366712	191.120346050761	142.425229276697	110.397109719035	141.772133665343	157.122121560715	141.823974341089	188.168496466491	132.749750950772	137.607336943706	141.072707072238	199.477826064458	124.637519685093	182.542444993331	189.458268397784	177.903375726716	190.342739065806	153.561824457228	113.499683476014	247.144875886331	167.010385413518	219.207357490434	205.761335139328	144.629622000681	106.900479067786	146.062517418097	150.164986187743	209.925220180605	207.0925119635	154.082171328955	222.152201936852	184.79905866843	170.333583150175	188.566667653566	162.403979211538	99.391869425103	102.218128111967	257.167565901249	205.36753458296	180.041590560916	232.186182027763	152.830837072621	137.642479411093	128.206316463547	143.083221614546	143.348540162835	186.41342750833	103.110675827636	135.350574301676	204.046315052789	152.085777795309	110.873843123585	174.866895462216	185.34553427309	142.360821346881	129.785747134546	148.128557680902	122.716200885136	213.148166588458	206.471993213987	178.979323976766	123.771932316097	278.829847567054	218.947521795048	143.573920840863	180.755881705903	251.744806114027	122.785685629793	203.382401718022	154.046797610794	225.428294384084	122.918630778704	172.551894519323	237.67768515905
2003.59393021639	288.524539378695	267.008531288077	131.476268478292	145.348262279076	155.189689415892	166.757794721185	233.417680884501	230.375382493707	219.461376191188	158.332689118403	231.319466171818	199.906095008056	181.76274497451	159.144383230085	263.330768997609	200.768757904483	232.75321046531	232.902065141901	145.998801957563	119.696160823212	210.420494878016	276.760419032631	252.058876649591	216.644010851021	143.622232027542	159.336016949832	298.075207011101	221.91224029924	160.819424497976	115.274109364863	146.149066664207	181.047724773541	163.042113176684	200.311946669199	132.749750950772	165.371621942421	142.675346284277	200.987602405619	134.85000979987	185.982364842527	189.458268397784	201.388612913704	192.945641529339	153.561824457228	118.685951774881	248.942122894106	173.689347512379	221.019029302816	225.766793873295	173.962825505955	116.713040957148	170.25820132535	152.185846845094	217.913227938613	225.297701894628	204.787229523745	237.006436702705	193.413066108561	170.587848947373	217.284353072392	170.989872901873	102.647512160906	115.787918833628	257.167565901249	207.002935065976	180.586704102723	257.193252112718	178.671554301848	146.814165153483	137.393750111143	172.639215808242	144.191575842311	187.158408054162	129.107528845014	164.276580652553	210.424980064946	152.085777795309	115.930790148317	177.327524742138	246.836299479492	151.910099534578	137.878829294348	153.642261138257	134.839665799478	234.425043990337	249.496677532939	178.979323976766	126.095098842961	279.57663702147	218.947521795048	144.87921712296	183.388170582088	252.810114932498	132.244736494565	203.382401718022	185.111227410191	226.350902305914	123.565355073407	189.876900000536	237.930537648758
2004.35682685902	290.43931803502	285.271817773533	137.172749248171	155.839471052502	158.961843209914	168.869149870978	238.318261756436	231.993958109016	227.375201186142	163.053022617659	233.108617958394	199.906095008056	199.066088167673	190.105560216917	291.084328207822	237.403219285416	235.871663315364	235.642083255341	175.034347724514	153.676055553971	238.6872839724	276.760419032631	252.058876649591	253.28201863734	152.496686438886	167.234744363927	330.148022276846	252.70106317607	161.011116628628	146.036088099912	169.632575552929	210.128746971569	184.384107162777	212.378962920274	134.660051766439	204.286502077366	144.308799945	202.587609424107	172.052166258884	196.899446551116	189.458268397784	224.917281314714	205.358098779942	153.561824457228	129.172938257076	250.932836486605	180.368725553179	222.842775648698	261.785938885702	247.199404081276	134.267075688956	208.322570619747	165.254663320853	223.910328807027	244.492112049723	204.787229523745	251.866003384307	209.443639296397	171.873474180876	266.469063192125	179.576528530182	134.684189509244	143.786670713386	257.167565901249	208.650131861604	181.701215861282	287.65329366108	207.384817091144	157.017600054143	159.534232824231	194.513889430506	150.533775871362	187.907599167901	161.888412865468	164.705963814078	239.422250022875	152.085777795309	181.293475775749	179.605180996256	246.836299479492	195.832651244226	147.677494722275	179.998476427333	151.352107108157	255.704446844749	252.185471731762	181.198999891291	145.300889893029	280.326049682149	218.947521795048	170.770907731907	185.655268371771	253.879438542981	162.278888481946	203.382401718022	216.325468292956	227.277555688816	124.212290494598	207.333579554372	238.18399531282
2005.11972350164	292.553355247122	303.547013352541	142.90564074661	187.150735995393	163.802961127042	180.639279639677	238.318261756436	233.614712831246	235.407945072566	168.241432152378	234.934239482123	199.906095008056	216.37438827113	237.824092287358	319.047579165125	274.228600676275	239.015741050858	238.385210640859	204.143130987076	206.69621396888	266.99043072836	276.760419032631	252.058876649591	289.911093647932	168.119372838743	182.752316313694	362.218473771301	283.485552623013	161.218167023017	172.242362914308	217.551821128654	242.234206446551	205.784884651334	219.923259506065	140.168721217728	243.739313924888	148.343600222814	204.275720450886	219.375716144691	240.60974562059	189.458268397784	248.475681134228	247.255346159499	166.572133291526	168.440957333193	254.669045182513	183.76905810735	224.678304897537	297.829053125212	253.240077871713	169.147509571394	246.784540852908	195.726841855525	223.910328807027	264.460274042331	204.787229523745	266.729544626533	245.12500128164	199.402279051364	289.897554350216	186.107999613242	183.096500207103	184.563311711517	257.167565901249	210.308851219024	183.374900905201	318.114824761482	236.466605221141	167.777738798202	195.459261635244	199.204583663408	161.56824620385	188.660951097186	195.342835980116	167.785379544798	269.396062870579	173.648218469506	229.53996772446	182.474577032207	246.836299479492	244.255030745218	167.775732704726	211.420093026004	181.549185761636	276.984635268477	255.223116928521	189.329562392727	160.044726099228	281.078064894637	218.947521795048	207.720890748572	194.965090859953	254.952727191043	217.579217212029	203.382401718022	247.630559630271	228.208205197092	172.766065619365	224.843434596805	238.438056224749
2005.88262014426	294.862381084216	321.831564702551	186.073486974995	219.932809359334	175.152174396463	220.825221355666	238.318261756436	235.237599887966	242.890991458055	188.273635689561	236.795495874143	201.76743897968	233.685477674781	285.825504254739	347.16909849459	311.17520609103	242.184460222767	238.385210640859	233.294243798991	259.747047257924	295.318539214416	276.760419032631	252.058876649591	326.530811851595	191.881496325508	224.330268562885	394.285238283853	314.264909691654	213.549552348194	226.095577991063	293.444954453399	276.310855026748	214.47384962877	225.13016510085	180.799526522868	283.493325493401	174.463612505967	206.049763645529	268.880383661052	296.511422607758	242.845308543493	272.054830246341	289.45994758006	221.75228834413	235.336778738331	263.250879933473	187.723461893068	226.525332998786	333.885113851796	255.915467508315	222.341992228203	285.479114353351	226.277497692086	223.910328807027	285.039466797939	221.572211310503	281.595986414102	300.874636711637	227.225693628002	300.465678128724	193.932603701738	231.890859940948	238.735794580179	257.167565901249	211.978826043968	213.448418881462	348.577078866963	265.791871790938	178.065234513755	231.37449059909	204.44358294684	196.927594633748	189.418414604452	229.169112538406	174.829125212233	300.053791828474	224.754703341605	281.58784519194	200.821770910984	246.836299479492	296.622806695245	214.289946829949	245.8688180304	236.7061646049	298.264354942484	258.597320226341	194.553711671854	207.732531192804	281.832662152322	218.947521795048	244.698624607034	217.617063735815	256.029931770226	273.179501709	203.382401718022	278.993833447755	229.142802085501	241.53407675466	239.04329794474	238.692718461585
2006.64551678689	297.361868954876	321.831564702551	186.073486974995	219.932809359334	187.40446254906	220.825221355666	238.318261756436	235.237599887966	242.890991458055	188.273635689561	236.795495874143	211.719439590977	233.685477674781	285.825504254739	347.16909849459	311.17520609103	245.376880531213	238.385210640859	233.294243798991	259.747047257924	295.318539214416	276.760419032631	252.058876649591	326.530811851595	199.502308450447	224.330268562885	394.285238283853	314.264909691654	213.549552348194	226.095577991063	293.444954453399	276.310855026748	214.47384962877	225.13016510085	180.799526522868	283.493325493401	174.463612505967	207.907532917664	268.880383661052	296.511422607758	242.845308543493	272.054830246341	289.45994758006	221.75228834413	235.336778738331	272.505527868247	191.71747631039	231.506997895629	333.885113851796	255.915467508315	222.341992228203	285.479114353351	226.277497692086	235.266643915342	285.039466797939	221.572211310503	281.595986414102	300.874636711637	227.225693628002	310.358345161123	197.636938547428	231.890859940948	238.735794580179	257.167565901249	213.659795782644	213.448418881462	348.577078866963	265.791871790938	187.581100140573	231.37449059909	210.190304017021	196.927594633748	190.179940967676	229.169112538406	188.672332931096	300.053791828474	224.754703341605	281.58784519194	201.451257181369	246.836299479492	296.622806695245	214.289946829949	245.8688180304	236.7061646049	298.264354942484	262.295093505027	199.901657188879	207.732531192804	282.589821096317	218.947521795048	244.698624607034	217.617063735815	257.111003816307	273.179501709	203.382401718022	278.993833447755	229.142802085501	241.53407675466	245.611134450967	238.947980104153
2007.40841342951	300.047074538689	321.831564702551	186.073486974995	219.932809359334	201.542735203421	220.825221355666	238.318261756436	235.237599887966	242.890991458055	188.273635689561	236.795495874143	211.719439590977	233.685477674781	285.825504254739	347.16909849459	311.17520609103	253.84449825853	241.743689008248	233.294243798991	259.747047257924	295.318539214416	276.760419032631	252.058876649591	326.530811851595	211.763069060464	224.330268562885	394.285238283853	314.264909691654	213.549552348194	226.095577991063	293.444954453399	276.310855026748	254.140809067217	225.13016510085	180.799526522868	283.493325493401	174.463612505967	207.907532917664	268.880383661052	296.511422607758	242.845308543493	272.054830246341	289.45994758006	221.75228834413	235.336778738331	282.367558625017	191.71747631039	238.784649609351	333.885113851796	255.915467508315	222.341992228203	285.479114353351	226.277497692086	240.422135345002	285.039466797939	221.572211310503	281.595986414102	300.874636711637	227.225693628002	310.358345161123	197.636938547428	231.890859940948	238.735794580179	257.167565901249	213.659795782644	213.448418881462	348.577078866963	265.791871790938	188.46565941982	231.37449059909	210.190304017021	201.920492788326	190.179940967676	229.169112538406	189.612263655267	300.053791828474	224.754703341605	281.58784519194	205.261113670702	246.836299479492	296.622806695245	214.289946829949	245.8688180304	236.7061646049	298.264354942484	266.302958274528	222.61355949213	207.732531192804	282.589821096317	218.947521795048	244.698624607034	217.617063735815	258.195895501018	273.179501709	203.382401718022	278.993833447755	229.142802085501	241.53407675466	253.247385546181	238.947980104153
2008.17131007213	307.74947207977	321.831564702551	186.073486974995	219.932809359334	203.474989591299	220.825221355666	241.092774565766	235.237599887966	242.890991458055	198.936679453605	236.795495874143	225.011498329045	233.685477674781	285.825504254739	347.16909849459	311.17520609103	265.033760386645	263.037883627977	233.294243798991	259.747047257924	295.318539214416	276.760419032631	255.183363981452	326.530811851595	229.959168468106	224.330268562885	394.285238283853	314.264909691654	213.549552348194	226.095577991063	293.444954453399	276.310855026748	258.593137520773	225.13016510085	185.642575849169	283.493325493401	181.388162865969	207.907532917664	268.880383661052	296.511422607758	242.845308543493	272.054830246341	289.45994758006	221.75228834413	235.336778738331	292.690204154058	210.036328229093	238.844154588346	333.885113851796	255.915467508315	222.341992228203	285.479114353351	226.277497692086	245.579008418394	285.039466797939	221.731321930964	281.595986414102	300.874636711637	227.225693628002	316.268528892699	201.985011414973	231.890859940948	238.735794580179	257.167565901249	218.214317339021	213.448418881462	348.577078866963	265.791871790938	206.959463699722	231.37449059909	226.590725905409	210.537581899289	190.555180692223	229.169112538406	198.79073513447	300.053791828474	224.754703341605	281.58784519194	212.34656496618	246.836299479492	296.622806695245	214.289946829949	245.8688180304	236.7061646049	298.264354942484	270.607136865034	228.080715168921	207.732531192804	298.193294759062	218.947521795048	244.698624607034	217.617063735815	258.295694043269	273.179501709	203.382401718022	278.993833447755	229.142802085501	241.53407675466	260.926168367319	247.271296317335
2008.93420671475	307.74947207977	321.831564702551	186.073486974995	219.932809359334	203.474989591299	220.825221355666	241.092774565766	235.237599887966	242.890991458055	199.357179394528	247.559298691646	241.12202879706	233.685477674781	285.825504254739	347.16909849459	311.17520609103	265.033760386645	263.037883627977	233.294243798991	259.747047257924	295.318539214416	276.760419032631	255.183363981452	326.530811851595	229.959168468106	224.330268562885	394.285238283853	314.264909691654	213.549552348194	226.095577991063	293.444954453399	276.310855026748	258.593137520773	232.435947472274	185.642575849169	283.493325493401	198.085452814933	216.704519784599	268.880383661052	296.511422607758	242.845308543493	272.054830246341	289.45994758006	221.75228834413	235.336778738331	292.690204154058	210.036328229093	238.844154588346	333.885113851796	255.915467508315	222.341992228203	285.479114353351	226.277497692086	245.579008418394	285.039466797939	233.188183129958	281.595986414102	300.874636711637	227.225693628002	326.121022944659	217.481750849855	231.890859940948	238.735794580179	257.167565901249	224.155727176919	213.448418881462	348.577078866963	265.791871790938	206.959463699722	231.37449059909	226.590725905409	210.537581899289	199.014632029983	229.169112538406	211.646299658192	300.053791828474	224.754703341605	281.58784519194	212.34656496618	246.836299479492	296.622806695245	214.289946829949	245.8688180304	236.7061646049	298.264354942484	275.193725937348	228.080715168921	207.732531192804	298.193294759062	226.283694200999	244.698624607034	217.617063735815	258.295694043269	273.179501709	203.382401718022	278.993833447755	229.142802085501	241.53407675466	260.926168367319	261.109641337042
2009.69710335738	307.74947207977	321.831564702551	186.073486974995	219.932809359334	203.474989591299	220.825221355666	241.092774565766	235.237599887966	242.890991458055	199.357179394528	247.559298691646	241.12202879706	233.685477674781	285.825504254739	347.16909849459	311.17520609103	265.033760386645	263.037883627977	233.294243798991	259.747047257924	295.318539214416	276.760419032631	255.183363981452	326.530811851595	229.959168468106	224.330268562885	394.285238283853	314.264909691654	213.549552348194	226.095577991063	293.444954453399	276.310855026748	258.593137520773	232.435947472274	185.642575849169	283.493325493401	198.085452814933	216.704519784599	268.880383661052	296.511422607758	242.845308543493	272.054830246341	289.45994758006	221.75228834413	235.336778738331	292.690204154058	210.036328229093	238.844154588346	333.885113851796	255.915467508315	222.341992228203	285.479114353351	226.277497692086	245.579008418394	285.039466797939	233.188183129958	281.595986414102	300.874636711637	227.225693628002	326.121022944659	217.481750849855	231.890859940948	238.735794580179	257.167565901249	224.155727176919	213.448418881462	348.577078866963	265.791871790938	206.959463699722	231.37449059909	226.590725905409	210.537581899289	199.014632029983	229.169112538406	211.646299658192	300.053791828474	224.754703341605	281.58784519194	212.34656496618	246.836299479492	296.622806695245	214.289946829949	245.8688180304	236.7061646049	298.264354942484	275.193725937348	228.080715168921	207.732531192804	298.193294759062	226.283694200999	244.698624607034	217.617063735815	258.295694043269	273.179501709	203.382401718022	278.993833447755	229.142802085501	241.53407675466	260.926168367319	261.109641337042
2010.46	307.74947207977	321.831564702551	186.073486974995	219.932809359334	203.474989591299	220.825221355666	241.092774565766	235.237599887966	242.890991458055	199.357179394528	247.559298691646	241.12202879706	233.685477674781	285.825504254739	347.16909849459	311.17520609103	265.033760386645	263.037883627977	233.294243798991	259.747047257924	295.318539214416	276.760419032631	255.183363981452	326.530811851595	229.959168468106	224.330268562885	394.285238283853	314.264909691654	213.549552348194	226.095577991063	293.444954453399	276.310855026748	258.593137520773	232.435947472274	185.642575849169	283.493325493401	198.085452814933	216.704519784599	268.880383661052	296.511422607758	242.845308543493	272.054830246341	289.45994758006	221.75228834413	235.336778738331	292.690204154058	210.036328229093	238.844154588346	333.885113851796	255.915467508315	222.341992228203	285.479114353351	226.277497692086	245.579008418394	285.039466797939	233.188183129958	281.595986414102	300.874636711637	227.225693628002	326.121022944659	217.481750849855	231.890859940948	238.735794580179	257.167565901249	224.155727176919	213.448418881462	348.577078866963	265.791871790938	206.959463699722	231.37449059909	226.590725905409	210.537581899289	199.014632029983	229.169112538406	211.646299658192	300.053791828474	224.754703341605	281.58784519194	212.34656496618	246.836299479492	296.622806695245	214.289946829949	245.8688180304	236.7061646049	298.264354942484	275.193725937348	228.080715168921	207.732531192804	298.193294759062	226.283694200999	244.698624607034	217.617063735815	258.295694043269	273.179501709	203.382401718022	278.993833447755	229.142802085501	241.53407675466	260.926168367319	261.109641337042
