time	distance_tree54950000	distance_tree59950000	distance_tree64950000	distance_tree69950000	distance_tree74950000	distance_tree79950000	distance_tree84950000	distance_tree89950000	distance_tree94950000	distance_tree99950000	distance_tree104950000	distance_tree109950000	distance_tree114950000	distance_tree119950000	distance_tree124950000	distance_tree129950000	distance_tree134950000	distance_tree139950000	distance_tree144950000	distance_tree149950000	distance_tree154950000	distance_tree159950000	distance_tree164950000	distance_tree169950000	distance_tree174950000	distance_tree179950000	distance_tree184950000	distance_tree189950000	distance_tree194950000	distance_tree199950000	distance_tree204950000	distance_tree209950000	distance_tree214950000	distance_tree219950000	distance_tree224950000	distance_tree229950000	distance_tree234950000	distance_tree239950000	distance_tree244950000	distance_tree249950000	distance_tree254950000	distance_tree259950000	distance_tree264950000	distance_tree269950000	distance_tree274950000	distance_tree279950000	distance_tree284950000	distance_tree289950000	distance_tree294950000	distance_tree299950000	distance_tree304950000	distance_tree309950000	distance_tree314950000	distance_tree319950000	distance_tree324950000	distance_tree329950000	distance_tree334950000	distance_tree339950000	distance_tree344950000	distance_tree349950000	distance_tree354950000	distance_tree359950000	distance_tree364950000	distance_tree369950000	distance_tree374950000	distance_tree379950000	distance_tree384950000	distance_tree389950000	distance_tree394950000	distance_tree399950000	distance_tree404950000	distance_tree409950000	distance_tree414950000	distance_tree419950000	distance_tree424950000	distance_tree429950000	distance_tree434950000	distance_tree439950000	distance_tree444950000	distance_tree449950000	distance_tree454950000	distance_tree459950000	distance_tree464950000	distance_tree469950000	distance_tree474950000	distance_tree479950000	distance_tree484950000	distance_tree489950000	distance_tree494950000	distance_tree499950000	distance_tree504950000	distance_tree509950000	distance_tree514950000	distance_tree519950000	distance_tree524950000	distance_tree529950000	distance_tree534950000	distance_tree539950000	distance_tree544950000	distance_tree549950000
1934.1703357377	0	0	0	0	0	0	0	0	0	0	0	0	0	0	0	0	0	0	0	0	0	0	0	0	0	0	0	0	0	0	0	0	0	0	0	0	0	0	0	0	0	0	0	0	0	0	0	0	0	0	0	0	0	0	0	0	0	0	0	0	0	0	0	0	0	0	0	0	0	0	0	0	0	0	0	0	0	0	0	0	0	0	0	0	0	0	0	0	0	0	0	0	0	0	0	0	0	0	0	0
1934.93323238032	0	0	0	0	0	0	0	0	0	0	0	0	0	0	0	0	0	0	0	0	0	0	0	0	0	0	0	0	0	0	0	0	0	0	0	0	0	0	0	0	0	0.670669667667479	0	0	0	0	0	0	0	0	0	0	0	0	0	0	0	0	0	0	0	0	0	0	0	0	0	0	0	0	0	0	0	0	0	0	0	0	0	0	0	0	0	0	0	0	0	0	0	0	0	0	0	0	0	0	0	0	0	0
1935.69612902295	0	0	0	0	0	0	0	0	0	0	0	0	0	0	0	0	0	0	0	0	0	0	0	0	0	0	0	0	0	0	0	0	0	0	0	0	0	0	0	0	0	1.34133828656253	0	0	0	0	0	0	0	0	0	0	0	0	0	0	0	0	0	0	0	0	0	0	0	0	0	0	0	0	0	0	0	0	0	0	0	0	0	0	0	0	0	0	0	0	0	0	0	0	0	0	0	0	0	0	0	0	0	0
1936.45902566557	0	0	0	0	0	0	0	0	0	0	0	0	0	0	0	0	0	0	0	0	0	0	0	0	0	0	0	0	0	0	0	0	0	0	0	0	0	0	0	0	0	2.012005878742	0	0	0	0	0	0	0	0	0	0	0	0	0	0	0	0	0	0	0	0	0	0	0	0	0	0	0	0	0	0	0	0	0	0	0	0	0	0	0	0	0	0	0	0	0	0	0	0	0	0	0	0	0	0	0	0	0	0
1937.22192230819	0	0	0	0	0	0	0	0	0	0	0	0	0	0	0	0	0	0	0	0	0	0	0	0	0	0	0	0	0	0	0	0	0	0	0	0	0	0	0	0	0	2.68267242585399	0	0	0	0	0	0	0	0	0	0	0	0	0	0	0	0	0	0	0	0	0	0	0	0	0	0	0	0	0	0	0	0	0	0	0	0	0	0	0	0	0	0	0	0	0	0	0	0	0	0	0	0	0	0	0	0	0	0
1937.98481895081	0	0	0	0	0	0	0	0	0	0	0	0	0	0	0	0	0	0	0	0	0	0	0	0	0	0	0	0	0	0	0	0	0	0	0	0	0	0	0	0	0	3.35333793513876	0	0	0	0	0	0	0	0	0	0	0	0	0	0	0	0	0	0	0	0	0	0	0	0	0	0	0	0	0	0	0	0	0	0	0	0	0	0	0	0	0	0	0	0	0	0	0	0	0	0	0	0	0	0	0	0	0	0
1938.74771559344	0	0	0	0	0	0	0	0	0	0	0	0	0	0	0	0	0	0	0	0	0	0	0	0	0	0	0	0	0	0	0	0	0	0	0	0	0	0	0	0	0	4.02400240912223	0	0	0	0	0	0	0	0	0	0	0	0	0	0	0	0	0	0	0	0	0	0	0	0	0	0	0	0	0	0	0	0	0	0	0	0	0	0	0	0	0	0	0	0	0	0	0	0	0	0	0	0	0	0	0	0	0	0
1939.51061223606	0	0	0	0	0	0	0	0	0	0	0	0	0	0	0	0	0	0	0	0	0	0	0	0	0	0	0	0	0	0	0	0	0	0	0	0	0	0	0	0	0	4.69466584224851	0	0	0	0	0	0	0	0	0	0	0	0	0	0	0	0	0	0	0	0	0	0	0	0	0	0	0	0	0	0	0	0	0	0	0	0	0	0	0	0	0	0	0	0	0	0	0	0	0	0	0	0	0	0	0	0	0	0
1940.27350887868	0	0	0	0	0	0	0	0	0	0	0	0	0	0	0	0	0	0	0	0	0	0	0	0	0	0	0	0	0	0	0	0	0	0	0	0	0	0	0	0	0	5.36532824108434	0	0	0	0	0	0	0	0	0	0	0	0	0	0	0	0	0	0	0	0	0	0	0	0	0	0	0	0	0	0	0	0	0	0	0	0	0	0	0	0	0	0	0	0	0	0	0	0	0	0	0	0	0	0	0	0	0	0
1941.03640552131	0	0	0	0	0	0	0	0	0	0	0	0	0	0	0	0	0	0	0	0	0	0	0	0	0	0	0	0	0	0	0	0	0	0	0	0	0	0	0	0	0	6.03598959737987	0	0	0	0	0	0	0	0	0	0	0	0	0	0	0	0	0	0	0	0	0	0	0	0	0	0	0	0	0	0	0	0	0	0	0	0	0	0	0	0	0	0	0	0	0	0	0	0	0	0	0	0	0	0	0	0	0	0
1941.79930216393	0	0	0	0	0	0	0	0	0	0	0	0	0	0	0	0	0	0	0	0	0	0	0	0	0	0	0	0	0	0	0	0	0	0	0	0	0	0	0	0	0	6.70664991568135	0	0	0	0	0	0	0	0	0	0	0	0	0	0	0	0	0	0	0	0	0	0	0	0	0	0	0	0	0	0	0	0	0	0	0	0	0	0	0	0	0	0	0	0	0	0	0	0	0	0	0	0	0	0	0	0	0	0
1942.56219880655	0	0	0	0	0	0	0	0	0	0	0	0	0	0	0	0	0	0	0	0	0	0	0	0	0	0	0	0	0	0	0	0	0	0	0	0	0	0	0	0	0	7.37730919404509	0	0	0	0	0	0	0	0	0	0	0	0	0	0	0	0	0	0	0	0	0	0	0	0	0	0	0	0	0	0	0	0	0	0	0	0	0	0	0	0	0	0	0	0	0	0	0	0	0	0	0	0	0	0	0	0	0	0
1943.32509544918	0	0	0	0	0	0	0	0	0	0	0	0	0	0	0	0	0	0	0	0	0	0	0	0	0	0	0	0	0	0	0	0	0	0	0	0	0	0	0	0	0	8.04796743235397	0	0	0	0	0	0	0	0	0	0	0	0	0	0	0	0	0	0	0	0	0	0	0	0	0	0	0	0	0	0	0	0	0	0	0	0	0	0	0	0	0	0	0	0	0	0	0	0	0	0	0	0	0	0	0	0	0	0
1944.0879920918	0	0	0	0	0	0	0	0	0	0	0	0	0	0	0	0	0	0	0	0	0	0	0	0	0	0	0	0	0	0	0	0	0	0	0	0	0	0	0	0	0	8.71862463057873	0	0	0	0	0	0	0	0	0	0	0	0	0	0	0	0	0	0	0	0	0	0	0	0	0	0	0	0	0	0	0	0	0	0	0	0	0	0	0	0	0	0	0	0	0	0	0	0	0	0	0	0	0	0	0	0	0	0
1944.85088873442	0	0	0	0	0	0	0	0	0	0	0	0	0	0	0	0	0	0	0	0	0	0	0	0	0	0	0	0	0	0	0	0	0	0	0	0	0	0	0	0	0	9.38928078778449	0	0	0	0	0	0	0	0	0	0	0	0	0	0	0	0	0	0	0	0	0	0	0	0	0	0	0	0	0	0	0	0	0	0	0	0	0	0	0	0	0	0	0	0	0	0	0	0	0	0	0	0	0	0	0	0	0	0
1945.61378537705	0	0	0	0	0	0	0	0	0	0	0	0	0	0	0	0	0	0	0	0	0	0	0	0	0	0	0	0	0	0	0	0	0	0	0	0	0	0	0	0	0	10.0599359046776	0	0	0	0	0	0	0	0	0	0	0	0	0	0	0	0	0	0	0	0	0	0	0	0	0	0	0	0	0	0	0	0	0	0	0	0	0	0	0	0	0	0	0	0	0	0	0	0	0	0	0	0	0	0	0	0	0	0
1946.37668201967	0	0	0	0	0	0	0	0	0	0	0	0	0	0	0	0	0	0	0	0	0	0	0	0	0	0	0	0	0	0	0	0	0	0	0	0	0	0	0	0	0	10.7305899801461	0	0	0	0	0	0	0	0	0	0	0	0	0	0	0	0	0	0	0	0	0	0	0	0	0	0	0	0	0	0	0	0	0	0	0	0	0	0	0	0	0	0	0	0	0	0	0	0	0	0	0	0	0	0	0	0	0	0
1947.13957866229	0	0	0	0	0	0	0	0	0	0	0	0	0	0	0	0	0	0	0	0	0	0	0	0	0	0	0	0	0	0	0	0	0	0	0	0	0	0	0	0	0	11.4012430145679	0	0	0	0	0	0	0	0	0	0	0	0	3.62418598340164	0	0	0	0	0	0	0	0.621612793054279	0	0	0	0	0	0	0	0	0	0	0	0	0	0	0	0	0	0	0	0	0	0	0	0	0	0	0	0	0	0	0	0	0	0	0	0	0
1947.90247530491	0	0	0	0	0	0	0	0	0	0	0	0	0	0	0	0	0	0	0	0	0	0	0	0	0	0	0	0	0	0	0	0	0	0	0	0	0	0	0	0	0	12.0718950067777	0	0	0	0	0	0	0	0	0	0	0	0	12.6577715065648	0	0	0	0	0	0	0	1.79383737838557	0	0	0	0	0	0	0	0	0	0	0	0	0	0	0	0	0	0	0	0	0	0	0	0	0	0	0	0	0	0	0	0	0	0	0	0	0
1948.66537194754	0	0	0	0	0	0	0	0	0	0	0	0	0	0	0	0	0	0	0	0	0	0	0	0	0	0	0	0	0	0	0	0	0	0	0	0	0	0	0	0	0	12.7425459573088	0	0	0	0	0	0	0	0	0	0	0	0	21.6902821075445	0	0	0	0	0	0	0	2.96609055615366	0	0	0	0	0	0	0	0	0	0	0	0	0	0	0	0	0	0	0	0	0	0	0	0	0	0	0	0	0	0	0	0	0	0	0	0	0
1949.42826859016	0	0	0	0	0	0	0	0	0	0	0	0	0	0	0	0	0	0	0	0	0	0	0	0	0	0	0	0	0	0	0	0	0	0	0	0	0	0	0	0	0	13.413195864601	0	0	0	0	0	0	0	0	0	0	0	0	30.4141883072556	0	0	0	0	0	0	0	4.13837232089012	0	0	0	0	0	0	0	0	0	0	0	0	0	0	0	0	0	0	0	0	0	0	0	0	0	0	0	0	0	0	0	0	0	0	0	0	0
1950.19116523278	0	0	0	0	0	0	0	0	0	0	0	0	0	0	0.133270241801196	0	0	0	0	0	0	0	0	0	0	0	0	0	0	0	0	0	0	0	0	0	0	0	0	0	0	14.083844729989	0	0	0	0	0	0	0	0	0	0	0	0	31.8756694254751	0	0	0	0	0	0	0	5.31068265727302	0	0	0	0	0	0	0	0	0	0	0	0	0	0	0	0	0	0	0	0	0	0	0	0	0	0	0	0	0	0	0	0	0	0	0	0	0
1950.95406187541	0	0	0	0	0	0	0	0	0	0	0	0	0	0	1.49561896787071	0	0	0	0	0	0	0	0	0	0	0	0	0	0	0	0	0	0	0	0	0	0	0	0	0	0	14.7544925524526	0	0	0	0	0	0	0	0	0	0	0	0	33.3371166066777	0	0	0	0	0	0	0	6.48302155879209	0	0	0	0	0	0	0	0	0	0	0	0	0	0	0	0	0	0	0	0	0	0	0	0	0	0	0	0	0	0	0	0	0	0	0	0	0
1951.71695851803	0	0	0	0	0	0	0	0	0	0	0	0	0	0	2.85795977797582	0	0	0	0	0	0	0	0	0	0	0	0	0	0	0	0	0	0	0	0	0	0	0	0	0	0	15.4251393314711	0	0	0	0	0	0	0	0	0	0	0	0	34.7985297918467	0	0	0	0	0	0	0	7.65538901687342	0	0	0	0	0	0	0	0	0	0	0	0	0	0	0	0	0	0	0	0	0	0	0	0	0	0	0	0	0	0	0	0	0	0	0	0	0
1952.47985516065	0	0	0	0	0	0	0	0	0	0	0	0	0	0	4.22029271886971	0	0	0	0	0	0	0	0	0	0	0	0	0	0	0	0	0	0	0	0	0	0	0	0	0	0	16.0957850663578	0	0	0	0	0	0	0	0	0	0	0	0	36.2599089743065	0	0	0	0	0	0	0	8.82778502429792	0	0	0	0	0	0	0	0	0	0	0	0	0	0	0	0	0	0	0	0	0	0	0	0	0	0	0	0	0	0	0	0	0	0	0	0	0
1953.24275180328	0	0	0	0	0	0	0	0	0	0	0	0	0	0	5.58261778576417	0	0	0	0	0	0	0	0	0	0	0	0	0	0	0	0	0	0	0	0	0	0	0	0	0	0	16.7664297581793	0	0	0	0	0	0	0	0	0	0	0	0	37.7212541447339	0	0	0	0	0	0	0	10.0002095685368	0	0	0	0	0	0	0	0	0	0	0	0	0	0	0	0	0	0	0	0	0	0	0	0	0	0	0	0	0	0	0	0	0	0	0	0	0
1954.0056484459	0	0	0	0	0	0	0	0	0	0	0	0	0	0	6.94493497288112	0	0	0	0	0	0	0	0	0	0	0	0	0	0	0	0	0	0	0	0	0	0	0	0	0	0	17.4370734055327	0	0	0	0	0	0	0	0	0	0	0	0	39.1825652933462	0	0	0	0	0	0	0	11.1726626450497	0	0	0	0	0	0	0	0	0	0	0	0	0	0	0	0	0	0	0	0	0	0	0	0	0	0	0	0	0	0	0	0	0	0	0	0	0
1954.76854508852	0	0	0	0	0	0	0	0	0	0	0	0	0	0	8.30724427535112	0	0	0	0	0	0	0	0	0	0	0	0	0	0	0	0	0	0	0	0	0	0	0	0	0	0	18.1077160087443	0	0	0	0	0	0	0	0	0	0	0	0	40.6438424115415	0	0	0	0	0	0	0	12.3451442428822	0	0	0	0	0	0	0	0	0	0	0	0	0	0	0	0	0	0	0	0	0	0	0	0	0	0	0	0	0	0	0	0	0	0	0	0	0
1955.53144173114	0	2.67661805343514	0	0	0	0	0	0	0	0	0	0	0	0	9.6695456890398	0	0	0	0	0	0	0	0	0	0	0	0	0	0	0	0	0	0	0	0	0	0	0	0	0	0	18.7783575666749	0	0	0	0	0	0	0	0	0	0	0	0	42.1050854896245	0	0	0	0	0	0	0	13.517654353797	0	0	0	0	0	0	0	0	0	0	0	0	0	0	0	0	0	0	0	0	0	0	0	0	0	0	0	0	0	0	0	0	0	0	0	0	0
1956.29433837377	0	5.95144589058715	0	0	0	0	0	0	0	0	0	0	0	0	11.0318392100936	0	0	0	0	0	0	0	0	0	0	0	0	0	0	0	0	0	0	0	0	0	0	0	0	0	0	19.4489980799909	0	0	0	0	0	0	0	0	0	0	0	0	43.5662945174091	0	0	0	0	0	0	0	14.6901929693458	0	0	0	0	0	0	0	0	0	0	0	0	0	0	0	0	0	0	0	0	0	0	0	0	0	0	0	0	0	0	0	0	0	0	0	0	0
1957.05723501639	0	9.22625883001815	0	0	0	0	0	0	0	0	0	0	0	0	12.3941248325983	0	0	0	0	0	0	0	0	0	0	0	0	0	0	0	0	0	0	0	0	0	0	0	0	0	0	20.1196375477211	0	0	0	0	0	0	0	0	0	0	0	0	45.0274694872309	0	0	0	0	0	0	0	15.8627600806632	0	0	0	0	0	0	0	0	0	0	0	0	0	0	0	0	0	0	0	0	0	0	0	0	0	0	0	0	0	0	0	0	0	0	0	0	0
1957.82013165901	0	12.5010568522602	0	0	0	0	0	0	0	0	0	0	0	0	13.7564025528824	0	0	0	0	0	0	27.9804132680394	0	0	0	0	0	0	0	0	0	0	0	0	0	0	0	0	0	0	0	20.7902759701273	0	0	0	0	0	0	0	0	0	0	0	0	46.4886103886045	0	0	0	0	0	0	0	17.0353556802022	0	0	0	0	0	0	0	0	0	0	0	0	0	0	0	0	0	0	0	0	0	0	0	0	0	0	0	0	0.292207349053095	0	0	0	0	0	0	0	0
1958.58302830164	0	15.7758399361671	0	0	0	0	0	0	0	0	0	0	0	0	15.1186723658179	0	0	0	0	0	0	51.4867365940895	0	0	0	0	0	0	0	0	0	0	0	0	0	0	0	0	0	0	0	21.4609133464074	0	0	0	0	0	0	0	0	0	0	0	0	47.949717212987	0	0	0	0	0	0	0	18.2079797575892	0	0	0	0	0	0	0	0	0	0	0	0	0	0	0	0	0	0	0	0	0	0	0	0	0	0	0	0	1.28343087403773	0	0	0	0	0	0	0	0
1959.34592494426	0	19.0506080596381	0	0	0	0	0	0	0	0	0	0	0	0	16.4809342659694	0	0	0	0	0	0	53.1202892472258	0	0	0	0	0	0	0	0	0	0	0	0	0	0	0	0	0	0	0	22.1315496764892	0	0	0	0	0	0	0	0	0	0	0.874463968485005	0	49.4107899508983	0	0	0	0	0	0	0	19.3806323056072	0	0	0	0	0	0	0	0	0	0	0	0	0	0	0	0	2.12000644992607	0	0	0	0	0	0	0	0	0	0	0	2.27466221087605	0	0	0	0	0	0	0	0
1960.10882158688	0	22.3253612005148	0	0	0	0	0	0	0	0	0	0	0	0	17.8431882499899	0	0	0	0	0	0	54.753814626881	0	0	0	0	0	0	0	0	0	0	0	0	0	0	0	0	0	0	0	22.8021849597342	0	0	0	0	0	0	0	0	0	0	1.83048802685212	0	50.8718285931342	0	0	0	0	0	0	0	20.5533133153402	0	0	0	0	0	0	0	0	0	0	0	0	0	0	0	0	5.1716164077594	0	0	0	0	0	0	0	0	0	0	0	3.26590134906856	0	0	0	0	0	0	0	0
1960.8717182295	0	25.6000993385529	0	0	0	0	0	0	0	0	0	0	0	0	20.5726249965844	0	0	0	0	0	0	56.3873127118046	0	0	0	0	0	0	0	0	0	0	0	0	0	0	0	0	0	0	0	23.4728191967509	0	0	0	0	0	0	0	0	0	0	2.7865119460762	0	52.3328331306733	0	0	0	0	0	0	0	21.7260227772562	0	0	0	0	0	0	0	0	0	0	0	0	0	0	0	0	8.22324439819685	0	0	0	0	0	0	0	0	0	0	0	4.25714829979225	0	0	0	0	0	0	0	0
1961.63461487213	0	28.8748224507344	0	0	0	0	0	0	0	0	0	0	0	0	23.9832346361458	0	0	0	0	0	0	58.0207834848998	0	0	0	0	0	0	0	0	0	0	0	0	0	0	0	0	0	0	0	24.1434523862279	0	0	0	0	0	0	0	0	0	0	3.74253572414121	0	53.7938035534625	0	0	0	0	0	0	0	22.8987606841268	0	0	0	0	0	0	0	0	0	0	0	0	0	0	0	0	11.2748903993844	0	0	0	0	0	0	0	0	0	0	0	5.2484030564978	0	0	0	0	0	0	0	0
1962.39751151475	0	32.1495305157669	0	0	0	0	0	0	0	0	0	0	0	0	27.3938199772181	0	0	0	0	0	0	59.6542269285639	0	0	0	0	0	0	0	0	0	0	0	0	0	0	0	0	0	0	0	24.814084528288	0	0	0	0	0	0	0	0	0	0	4.69855936023541	0	55.2547398532582	0	0	4.4634694316555	0	0	0	0	24.0715270261512	0	0	0	0	0	0	0	0	0	0	0	0	0	0	0	0	14.326554388465	0	0	0	0	0	0	0	0	0	0	0	6.23966561767682	0	0	0	0	0	0	0	0
1963.16040815737	0	35.4242235120066	0	0	0	0	0	0	0	0	0	0	0	0	30.8043809842777	0	0	0	0	0	0	61.2876430258974	0	0	0	0	0	0	0	0	0	0	0	0	0	0	0	0	0	0	0	25.4847156228812	0	0	0	0	0	0	0	0	0	0	5.65458285453205	0	56.7156420203818	0	0	9.25230365247744	0	0	0	0	25.2443217954902	0	0	0	0	0	0	0	0	0	0	0	0	0	0	0	0	17.3782363422069	0	0	0	0	0	0	0	1.24433806965096	0	0	0	7.2309359771604	0	0	0	0	0	0	0	0
1963.9233048	0	38.6989014177204	0	0	0	0	0	0	0	0	0	0	0	0	34.2149176201532	0	0	0	0	0	0	62.9210317577105	0	0	0	0	0	0	0	0	0	0	0	0	0	0	0	0	0	0	0	26.1553456687713	0	0	0	0	0	0	0	0	0	0	6.61060620611062	0	58.1765100453949	0	0	14.0411361255883	0	0	0	0	26.4171449832671	0	0	0	0	0	0	0	0	0	0	0	0	0	0	0	0	20.4299362372895	0	0	0	0	0	0	0	7.197582492262	0	0	0	8.22221413297152	0	0	0	0	0	0	0	0
1964.68620144262	0	41.9735642116552	0	0	0	0	0	0	0	0	0	0	0	0	37.6254298483954	0	0	0	0	0	0	64.5543931073625	0	0	0	0	0	0	0	0	0	0	0	0	0	0	0	0	0	0	0	26.8259746672196	0	0	0	0	0	0	0	0	0	0	7.56662941663247	0	59.6373439190378	0	0	18.8299668465144	0	0	0	0	27.5899965809342	0	0	0	0	0	0	0	0	0	0	0	0	0	0	0	0	23.4816540513283	0	0	0	0	0	3.61911710019377	0	13.1503660530505	0	0	0	9.21350008261908	0	0	0	0	0	0	0	0
1965.44909808524	0	45.2482118714635	0	0	0	0	0	0	0	0	0	0	0	0	41.0359176319862	0	0	0	0	0	0	66.1877270568585	0	0	0	0	0	0	0	0.691562435645314	0	0	0	0	0	0	0	0	0	0	0	27.4966026162596	0	0	0	0	0	0	0	0	0	0	8.52265248518289	0	61.098143632333	0	0	23.6187958122949	0	0	0	0	28.7628765795782	0	0	0	0	0	0	0	0	0	0	0	0	0	0	0	0	26.5333897611498	0	0	0	0	0	7.68210751515719	0	19.1026877011082	0	0	0	10.2047938233478	0	0	0	0	0	0	0	0
1966.21199472787	0	48.5228443757452	0	0	0	0	0	0	0	0	0	0	0	0	44.4463809349098	0	0	0	0	0	0	67.8210335882631	0	0	0	0	0	0	0	2.40357802517799	0	0	0	0	0	0	0	0	0	0	0	28.1672295166939	0	0	0	0	0	0	0	0	0	0	9.47867541147633	0	62.558909175539	0	0	28.4076230194087	0	0	0	0	29.9357849707468	0	0	0	0	0	0	0	0	0	0	0	0	0	0	0	0	29.5851433432025	0	0	0	0	2.35012345255015	11.7453551343113	0	25.0545463877312	0	0	0	11.1960953510449	0	0	0	0	0	0	0	0
1966.97489137049	0	51.7974617027862	0	0	0	0	0	0	0.752284448577352	0	0	0	0	0	47.856819720079	0	0	0	0	0	0	69.4543126848593	0	0	0	0	0	0	0	4.1155786772161	0	0	0	0	0	0	0	0	0	0	0	28.8378553678561	0	0	0	0	0	0	0	0	0	0	10.434698196001	0	64.0196405399247	0	0	33.1964484637682	0	0	0	0	31.1087217459267	0	0	0	0	0	0	0	0	0	0	0	0	0	0	0	0	32.6369147753981	0	0	0	0	5.72310247001507	15.8088595818108	0	31.0059410635138	0	0	0	12.1874046637576	0	0	0	0.625566807341317	0	0	0	0
1967.73778801311	0	55.0720638310592	0	0	0	0	0	0	1.87217874654794	0	0	0	0	0	51.2672339510612	0	0	0	0	0	0	71.0875643282608	0	0	0	0	0	0	0	5.82756439269769	0	0	6.28907351751276	0	0	0	0	6.4895946818666	0	0	0	29.5084801696151	0	0	0	0	0	0	0	0	0	0	11.3907208381081	0	65.4803377161441	0	0	37.9852721417875	0	0	0	0	32.2816868964148	0.658644389628873	0	0	0	0	0	0	0	0	0	0	0	0	0	0	0	35.6887040344645	0	0	0	0	9.09603281018718	19.8726204822177	0	36.9568706789792	7.48293324924393	0	0	13.1787217564251	0	0	0	2.66719266915977	0	0	0	0
1968.50068465574	0	58.3466507384719	0	0	0	0	0	0	2.99205501629824	0	0	0	0	0	54.6776235911794	0	0	0	0	0	0	72.7207885008452	0	0	0	0	6.013786640077	0	0	7.53953515768603	0	0	13.1929244431398	0	0	1.56617086099205	0	13.7974001982317	0	0	0	30.1791039214172	0	0	0	0	0	0	0	0	0	0	12.3467433386468	0	66.9410006944818	0	0	42.7740940495712	0	0.519953818434525	0	0	33.4546804134875	4.12705346850432	0	0	0	0	0	0	0	0	0	0	0	0	0	0	0	38.7405110974648	0	1.49614730415541	0	0	12.468914405139	23.936637459428	0	42.9073341840514	14.9770846029128	0	0	14.1700466277035	7.05163694050864	0	0	4.70874890234051	0	0	0	0
1969.26358129836	0	61.6212224036874	0	0	0	0	0	0	4.11191324472445	0	0	0	0	0	58.0879886037641	0	0	0	0	0	0	74.3539851853033	0	0	0	0	15.5385855679082	0	0	9.25149096445364	0	0	20.0978454651975	0	0	3.79799691167354	0	21.1048886788235	0	0	0	30.8497266230643	0	0	0	0	0	0	0	0	0	0	13.3027656973891	0	68.4016294659916	0	0	47.5629141829734	0	2.61252439275509	0	0	34.6277022889256	7.59552459210927	0.505004284168352	0.151668407608864	0	0	0	0	0	0	0	0	0	0	0	0	0	41.7923359412448	0	3.02889496406947	0	0	15.8417471833683	28.000910138468	0	45.3500149115329	22.4717837925123	0	0	15.1613792742822	17.1997741234484	0	0	6.75023544478028	0	0	0	0
1970.02647794098	0	64.8957788050266	0	0	0	0	0	0	5.23175343455295	0	0	0	0	0	61.4983289523116	0	0	0	0	0	0	75.9871543636538	0	0	0	0	25.0631247819726	0	0	10.9634318000407	0	0	27.0038344396668	0	0	6.02981831073337	0	28.4120596928055	0	0	0	31.5203482742461	0	0	0	0	0	0	0	0	0	0	14.2587879137074	0	69.8622240213246	0	0	52.3517325389176	0	4.70507462225107	0	0	35.8007525139235	11.0640576808869	3.86981346477877	1.40035995370825	0	0	0	0	0	0	0	0	0	0	0	0	0	44.8441785429132	0	4.56165871671212	0	0	19.2145310759657	32.0654381432482	0	46.8483624176041	29.9670292545974	0	0	16.152719692606	27.3501345966239	0	0	8.79165224441275	0	0	0	0
1970.7893745836	0	68.170319920482	0	0	0	0	0	0	6.35157557829489	0	0	0	0	0	64.9086446001972	0	0	0	0	0	0	77.6202960177761	0	0	0	0	34.5874031619116	0	0	12.675357652994	0	0	33.9108892232351	0	0	8.26163505246639	0	35.7189128091329	0	0	0	32.1909688748323	0	0	0	0	0	0	5.32080361813402	0	0	0	15.2148099875906	0	71.3227843511306	0	1.75794471319277	57.1405491128918	0	6.79760448864797	0	0	36.9738310795484	14.5326526430403	7.23459201918208	2.64905147310942	0	0	0	0	0	0	0	0	0	0.130345731278435	0	0	0	47.8960388794771	0	6.09443855048627	0	0	22.5872660120569	36.1302210983323	0	48.3466871527382	37.4628194266332	0	0	17.1440678797363	37.5027113745523	0	0	10.8329992489004	0	0	0	0
1971.55227122623	0	71.4448457286757	0	0	0	0	0	0	7.47137967617801	0	0	0	0	0	68.3189355106313	0	0	0	0	0	0	79.2534101308591	0	0	0	0	44.1114195869836	0	0	14.3872685152946	0	0	37.0642175439799	0	0	10.493447130854	0	43.025447597239	0.92488684476693	0	0	32.8615884245797	0	0	0	0	0	0	17.5524129260965	0	0	0	16.1708319194622	0	72.7833104462712	0	4.45630755760006	61.9293639016162	0	8.89011397210298	0	0	38.1469379779446	18.0013093943923	10.5993399177739	3.89774293868974	0	0	0	0	0	0	0	0	0	3.11124424441396	0	0	0	50.9479169282295	0	7.62723445178886	0	0	25.9599519202337	40.1952586285098	0	49.8449891197891	44.9591527454507	0	0	18.1354238321865	47.657497476539	0	0	12.8742764058355	0	0	0	0
1972.31516786885	0	74.7193562077524	0	0	0	0	0	0	8.59116572112754	0	0	0	0	0	71.7292016472547	0	0	0	0	0	0	80.8864966852691	0	0	0	0	53.635172936453	0	0	16.099164374639	0	0	38.7850704086877	0	0	12.7252545430327	0	50.3316636254152	3.35553079148936	2.92197097475109	3.17451013985447	33.5322069226041	0	0	0	0	0	0	29.7832552058881	0	0	0	17.1268537087401	0	74.2438022975778	0	7.15467804596143	66.7181769011097	5.37924713660836	10.9826030576297	0	0	39.3200731995311	21.4700278455299	13.6302464832519	5.1464343463413	0	0	0	0	0	0	0	0	0	6.09214268575147	0	0	0	53.9998126660851	0	9.16004641310123	0	0	29.3325887311535	44.2605503580923	0	51.3432683060512	52.4560276494298	0	0	19.1267875470087	57.8144859291618	0	0	14.9154836630783	0	0	0	0
1973.07806451147	0	77.9938513358827	0	0	0	0	0	0	9.71093371134806	0	0	0	0	0	75.1394429731682	0	9.75977422153522	0	0	0	0	82.519555662336	0	0	0	0	63.1586620889694	0	0	17.8110452197938	0	0	40.5059429360019	0	0	14.9570572836172	0	57.6375604621443	5.7861586284566	7.66360373634638	18.497658080522	34.2028243694248	0	0	0	0	0	0	42.0133263780614	0	0	0	18.9876977188981	0	75.7042598955567	0	9.85305616960781	71.5069881074916	11.9541240889965	13.0750717287902	0	0	40.4932367363751	24.938807909095	16.3183781734595	6.39512569603343	0	0	0	0	0	0	0	0	0	9.0730410973292	0	0	0	57.0517260697627	0	12.2457814923946	0	0	32.7051763743871	48.3260959124352	0	52.8415247081567	59.9534425759478	0	0	20.1181590218856	67.973669763539	0	0	16.9566209685854	0	0	0	1.76979864768626
1973.8409611541	0	81.2683310917565	0	0	0	0	0	0	10.8306836434234	0	0	0	0	0	78.5496594517493	0	15.4729544559588	4.34724327843915	0	0	0	84.1525870451479	0	0	0	0	72.6818859240377	0	0	19.5229110405878	0	0	42.2268351225451	0	0	17.1888553473879	0	64.9431376750009	8.21677033288794	12.4052177481576	33.8159875933284	34.87344076385	0	0	0	0	0	0	54.2426223606713	0	0	0	23.0589626046487	0	77.1646832308255	0	12.5514419203005	76.2957975171844	18.5281353028937	15.1675199680974	0	0	41.6664285799004	28.4076494971226	19.0065824579233	7.64381698966426	0	0	0	0	0	0	0	0	0	12.0539394768548	3.44483909710822	0	0	60.1036571168139	0	15.3945953194212	0	0.646265061355699	36.0777147792879	52.3918949158185	0	54.3397583220868	67.4513959640053	0	0	21.1095382528428	78.1350420169276	0	0	18.9976882703479	0	0	0	3.65668448041916
1974.60385779672	0	84.5427954533583	0.799383012848108	0	0	0	0	0	11.9504155134533	0	0	0	0	0	81.9598510466465	0	21.1861436189903	11.6283668847714	0	0	0	85.7855908160999	0	0	0	2.13223315600947	82.2048433203118	0	0	21.2347618268455	0	0	43.947746948618	0	0	19.4206487312884	0	72.2483948315924	10.6473658882742	17.1468129688383	49.129474683775	35.5440561065694	0	0	0	0	0	0	66.4711390716113	4.14060989133441	0	0	27.1302281010433	0	78.6250722942828	0	15.2498352883718	81.0846051261542	24.0814860751583	17.2599477589564	1.8580896824132	0	42.8396487210815	31.8765525215339	21.6948592596767	8.89250822513509	0	0	0	0	0	0	0	0	0	15.5110229697173	16.1596859169115	0	0	63.1556057839933	0	18.543414985737	5.70914502440373	2.02660716477157	39.4502038756445	56.4579469936834	0	55.8379691393297	72.1599083113659	0	0	22.1009252374817	88.29859573194	0	0	21.0386855159369	0	0	0	5.54353471802681
1975.36675443934	0	87.817244399023	2.01260801139658	0	0	0	0	0	17.9999411132932	0	0	3.31393386707777	0	0	85.3700177210263	0	26.8993416905897	18.9106382464611	3.60176834443951	0	0	87.4185669570466	0	0	0	6.3650659855244	91.727533156665	0	0	22.9465975664186	0	0	45.6686784039243	0	0	21.6524374289293	0	79.5533314987296	13.0779452771636	21.8883893586787	64.4380953289624	36.2146703964883	0	0	0	0	0	0	78.6988724277222	11.1224819160922	0	0	31.2014942056596	0	80.0854270765211	0	17.9482362655629	85.8734109308252	25.8512202683265	19.3523550849465	5.87028902830324	0	44.0128971516326	35.3455168951054	24.3832085062582	10.1411994023742	0	0	0	0	0	0	0	0	0	19.2147117471268	28.8750674508509	0	0	66.2075720481263	0	21.6922404874635	13.1067996004728	3.40692975251586	42.8226435930753	60.5242517704596	0	57.3361571576688	75.5958829226287	0	0	23.0923199719033	98.4643239570276	0	0	23.2593338242668	0	0	0	7.43034935296919
1976.12965108196	0	91.1156403224013	3.22581369035348	0	0	0	0	0	26.5912747422165	0	0	9.4135715205649	0	0	88.780159438056	0	32.6125486485792	26.1940553676597	12.6622736568346	0	0	89.0515154507012	0	0	0	10.5979095253495	101.249954311665	0	0	24.6584182497173	0	8.41612999999832	47.3896294751153	0	0	23.8842214374395	0	85.5052262637625	15.5085084827703	26.6299468782986	79.7418254778427	38.067606020252	0	0	0	0	0	0	90.9258183452525	18.1043966735515	0	0	35.272760918619	0	81.5457475683996	2.24389808804223	20.6466448425737	90.6622149273585	27.6210011555478	21.4447419293125	9.88263468755661	0	45.1861738628123	38.814542529475	27.0716301195211	11.3898905234153	0	0	0	0	0	2.16174358612701	0	0	0	22.9181533968093	41.5909808370222	0	0	69.2009065081999	0	24.841071815168	20.5033403618604	4.78723280727239	46.1950338609816	64.5908088715002	0	58.8343223693414	79.0318845561356	0	0	24.0837224530795	108.63221974582	0	0	25.7654166229748	0	0	0	9.3171283698077
1976.89254772459	0	94.4172679655115	4.43900004467759	0	0	0	0	0	35.1826942890751	0	0	15.5137010386626	0	0	92.1902761615354	0	38.3257644722772	33.4786162510206	18.6713201507405	0	0	90.684436279227	0	0	0	14.8307637576768	110.772105663802	0	0	26.3702238661382	0	17.6805736606711	49.110600146409	0	0	26.1160007516394	0	86.1702995923151	17.9390554877645	31.3714854875173	95.0406410504939	39.9822449221939	0	0	0	0	0	0	103.151972739279	25.0863540345766	0	0	39.3440282380559	0	83.006033760406	4.6944873432403	23.3450610112138	95.4510171118589	29.3908287140405	23.5371082753029	13.8951264282855	0.979934698952541	46.3594788462608	42.2836293369066	29.7601240254677	12.6385815867116	0	0	0	0	0	5.02182090342515	0	0	0	26.6213475940687	54.3074232126036	0	0	71.8426074829133	0	27.9899089614125	27.898765398456	6.1675163224638	49.5673746093402	68.657617922025	0	60.3324647703145	82.4679131759156	0	0.196742483333583	25.0751326786816	117.161387117874	0	0	28.2714938538327	5.03120095594252	0	0	11.2038717595101
1977.65544436721	0	97.718736852998	5.65216706129962	0	0	0	0	0	43.7741994415612	0	0	21.6143212775019	0	0	95.6003678543981	0	44.0389891400845	40.7643189021355	22.3144010092994	0	0	92.3173294249901	0	0	0	19.0636286601203	120.293986091523	0	0	28.0820144035682	0	26.1404888351944	50.8315904064019	0	0	28.3477753663824	0	86.8353684266952	20.3695862759243	36.1130051473651	110.334517938306	41.8969243309205	0	0	0	0	5.46128139211142	0	115.377331524071	32.0683538708678	0	0	43.4152961633899	0	84.4662856434573	7.14500353298882	26.0434847620945	100.239817480701	31.1607029111269	25.6294541059905	17.9077640173529	13.1850560926868	47.5328120928132	45.7527772295733	32.4486901476887	13.8872725913477	0	0	0	0	0	7.8819010286498	0	0	0	30.3242940141188	67.0243917166307	0	0	74.4844597372876	0	31.1387519176743	35.2930727981934	7.54778028524923	52.9396657678273	72.7246785470408	0	61.8305843533316	85.9039687430764	0	1.45000035847367	26.0665506450409	124.035216918719	0	0	30.7775655106814	8.44819888330255	0	0	13.0905795110336
1978.41834100983	0	101.020046783798	6.86531473476681	0	0	0	0	0	52.3657898887467	0	0	27.7154310962143	0	0	99.0104344804368	0	49.7522226309761	48.0511613274811	25.9575275333561	0	0	93.9501948702095	0	4.66506724640543	0	23.2965042147302	129.815594473144	0	0	29.7937898523046	0	29.0919975189401	52.552600240151	0	0	30.5795452778722	0	87.5004327966221	22.8001008301561	40.8545058175981	125.62343200337	43.8116442154969	0	0	0	0	16.4064611156485	0	120.53254920614	39.0503960546474	0	0	47.4865646930049	0	85.9265032079488	9.59544658670524	28.741916086136	105.028616029908	32.9306237171615	27.7217794049886	21.9205472208119	25.3896618810241	48.7061735945438	49.2219861198785	35.137328410383	15.1359635391659	8.09750383210439	0	2.02510491898305	0	0	10.7419839573534	0	0	0	34.0269923313301	79.7418834878957	0	0	77.1264631610667	0	34.2876006764701	42.6862606475284	8.92802468490573	56.3119072655787	76.7798819697157	0	63.3286811136507	89.3400512195429	0	2.70323737370189	27.057976349231	130.909474294318	0	2.18089301832352	33.2836315866339	13.2706931514885	0	0	14.9772516143962
1979.18123765246	0	104.321197562729	8.07844305425423	0	0	0	0	0	60.9574653194367	0	0	33.8170293543902	0	0	102.420476002635	0	55.4654649242578	55.3391415357761	29.6006996476148	0	0	95.5830325973829	0	10.0599150170497	0	27.5293904017997	139.336929686817	0	0	31.505550201389	0	32.0433427391156	54.2736296342519	0	0	32.8113104816887	0	88.1654927068504	25.2305991334486	45.5959874590323	140.907359078635	45.7264045444792	0	0	0	0	27.3507500261922	0	123.237677934424	46.0324804569609	0	0	51.5578338264403	0	87.3866864451667	12.0458164337091	31.4403549745789	109.81741275576	34.7005911022766	29.8140841553504	25.9334758053306	37.5937494107242	49.8795633424476	52.6912559197063	37.8260387384069	16.3846544290296	31.5805014986563	0	10.3218507855109	0	0	13.602069687877	0	0	0	37.7294422187878	92.4598956651063	0	0	79.7686176423803	0	37.4364552298175	50.0783270312131	10.3082495114089	59.6840990325443	80.7840627653369	0.803747735237602	64.8267550461638	92.776160567458	0	3.95645352290488	28.0494097881308	137.78415805828	0	4.76315142741958	35.7896920767208	18.0931994031489	0	0	16.8638880574014
1979.94413429508	0	107.622188993536	9.29155201047354	0	0	0	0	0	69.5492254216236	0	0	39.9191149114107	0	0	105.830492384671	4.89206265710266	61.1787159985484	62.6282575373723	33.24391728503	0	0	97.2158425885618	0	15.9313904334485	0	31.762287201753	148.85799061045	0	0	33.2172954398816	0	34.9945243379407	55.9946785759599	0	0	35.0430709724708	0.0812730326269938	88.8305481559366	27.6610811689982	50.3374500316875	156.186274967467	47.6412052870639	0	0	0	0	38.294144223405	0	125.942683548782	53.01460694979	0	0	55.6291035625318	0	88.8468353451688	14.4961130029712	34.13880141833	114.606207654542	37.0652724599092	31.9063683403176	29.9465495372641	49.797316027481	51.0529813281567	56.3247101571172	40.5148210558537	17.6333452617197	55.0627452872885	0	18.6186159572173	0	0	16.4621582156364	0	0	0	41.4316433516993	105.178425387822	0	0	82.4109230677138	0	40.5853155694864	57.469270032787	11.688454753087	63.0562409982594	84.7882793534068	4.57894554807913	66.324806145112	96.2122967471699	0	5.20964880336466	29.0408509584584	144.659267022699	0	7.34526899950986	38.2957469746278	22.9157176137947	0	0	18.7504888286762
1980.7070309377	0	110.923020878997	10.5046415960747	0	0	5.88912826659679	0	0	78.1410698846095	1.09061773414719	0	46.021686626897	0	0	109.240483589568	11.3089868612225	66.8919758328036	69.9185073435693	36.887180375408	0	109.437556262687	98.8486248264516	0	21.8025466658613	0	35.9951945959509	158.378776121961	0	0	34.9290255571154	0	37.9455421458188	57.7157470512822	0	0	37.2748267464997	5.00405550437181	89.4955991423292	30.0915469196724	55.0788934961851	171.460155443545	49.5560464121051	0	0	0	9.36578627165846	49.2366398073668	0	128.647565930903	59.9967754047314	0	0.635136293373801	59.7003738997819	0	90.8940389667292	16.9463362246797	36.8372554086979	119.395000722466	40.4900666652402	33.9986319433935	33.9597681821183	58.0218285264348	52.2264275427452	63.0644313931693	43.2036752865448	18.8820360361914	78.5442272268723	0	26.915400364459	0	0	19.3222495385606	0	0	0	45.133595404215	117.897469795629	0	0	85.0533793260825	0	43.7341816878985	64.8590877338191	13.0686404002548	66.4283330925537	88.7925316801498	8.41818925042254	67.8228344042908	99.6484597211492	0	6.46282320268047	30.0322998573991	151.534800001034	0	9.92724561907954	40.8017962741292	27.7382477592588	0	0	20.6370539188233
1981.46992758033	0.0677377616234506	114.223693023033	11.7177118004016	0	0	16.1693186277694	0	0	86.7329983966864	3.84254567005569	0	52.1247433608399	0	0	112.650449580901	17.7254864731917	72.6052444059609	77.2098889677729	40.530488847262	0	163.977979189395	100.481379293132	0.282447899756187	27.6733829375836	0.101204594870035	40.2281125644064	165.999534865483	0	0	36.6407405427544	0	42.4584727666182	59.4368350460073	0	0	39.5065777986057	9.92661786579192	90.1606456663291	32.5219963685476	59.8203178127453	186.728976250671	51.470927888462	0	0	0	20.0908926587576	60.1782328770555	0	131.352324961217	66.9789856934444	0	3.01040987160421	63.7716448373905	1.57437730883895	92.9412564555633	19.396486027359	39.5357169366862	124.183791955608	43.9146146838279	36.0908749476402	37.9731315074461	60.6028276483729	53.3999019780594	69.8041738025417	45.8926013553605	20.1307267528325	102.024939345501	0	35.2122039395293	2.03130178146294	2.66749019031112	22.1823436528249	3.24796492420018	0	0	48.835298050496	130.617026028164	0	0	87.6959863051513	0	46.8830535767766	71.1128618083821	14.4488064411374	69.8003752446314	92.7968196869533	12.257745607624	69.3208398191574	103.084649450459	0	7.71597671306953	31.0237564815118	158.410755806496	0	12.509081168663	43.3078399693263	32.5607898149116	0	4.69295267641819	22.5235833161821
1982.23282422295	5.77818578550147	117.524205229543	12.9307626148843	0	0	26.4496364249606	0	0	95.3250106466409	9.15020147177344	0	58.2282839738791	0	0	116.060390322052	24.1415603793379	78.3185216968865	84.5024004253	44.1738426303267	0	167.639319537887	102.11410597094	5.62116043238367	33.5438984692158	2.89793281401738	44.4610410877506	168.109671751878	0	0	38.3524403854243	0	47.8283792061394	61.1579425470279	0	0	41.738324124503	14.8489597011603	90.82568772151	34.9524294990932	64.5617229418145	195.790065535433	53.3858496848798	0	0	0	30.8167357559004	71.1189195301791	0	134.056960519654	73.9612376877215	0	5.38570626815072	67.8429163744759	6.66150279450645	94.9884786260232	21.8465623414757	42.2341859937329	128.972581350322	47.3389162464238	38.1830973363896	41.986639279349	63.1838485634758	54.5734046251447	76.5439373198125	48.5815991866132	21.3794174119886	125.504873669858	0	43.5090266138225	5.98126252500814	7.44348982192086	25.0424405542138	6.97035891483054	0	0	52.5367509638075	143.337091225379	0	0	90.3387438933633	0	50.0319312284111	77.0334180645552	15.828952865349	73.1723673843192	96.8011433130985	16.0976142410351	70.818822383312	106.52086589702	0	8.96910932209641	32.0152208279543	165.287133252696	0	15.0907755352509	45.8138780537716	37.383343756571	0	11.215567355851	24.4100770101059
1982.99572086557	16.4715422640561	120.824557301532	14.1437940315054	0	0	36.7300810988371	0	0	103.91710632319	16.5362569638977	0	64.3323073266476	0	0	119.470305776234	30.5572074663807	84.0318076844629	91.7960397321409	47.8172416545732	0	171.300431538792	103.746804842009	10.9599025839585	39.414092482967	5.6945773783962	48.69398014706	170.219713756115	0	0	40.0641250746247	0	53.1985306160001	62.8790695409895	0	0	43.9700657197437	19.7710805724108	91.490725312393	37.3828462941962	69.3031088436535	202.299226872246	55.3008117710493	0	0	0	41.5433124172779	74.4701818031902	0	136.761472485975	80.9435312591313	0	10.5749638656861	71.9141885095271	11.7492111151793	97.0357054736474	24.2965650960297	44.932662570274	133.761368902743	50.7629710828308	40.2752990931717	46.000291264639	65.7648912505278	55.7469354757084	83.2837218843729	51.2706687043695	22.628108013576	148.984022225346	0	51.805868319376	9.93133942575941	12.2194899124511	27.9025402402645	10.692906771941	0	0	56.2379538189039	153.388319819536	0	0	92.9816519788011	0	53.1808146350466	82.9541192052546	17.2090796628093	76.5443094412138	100.805502497666	19.9377947732524	72.3167820920403	109.957109022125	0	10.2222210195004	33.0066928934361	172.163931153354	0	17.6723286029029	48.319910521832	42.2059095597188	0	17.7379137761353	26.2965349893939
1983.7586175082	27.4755166289145	124.124749042224	15.3568060402276	0	0	41.5126263212245	0	0	112.509285114854	23.9223331926352	2.12208882854835	70.4368122797756	0	0	122.880195906902	36.9724266199604	89.745102347695	99.0908049065865	51.460685849583	3.96233802387467	174.961315034117	105.379475889035	16.2986743012642	45.283964199355	8.49113826471542	52.9269297224869	172.329660809074	0	0	41.77579459936	0	58.5689264518087	64.6002160140515	0	0	46.2018025794631	24.692980042198	92.1557584351047	39.8132467369047	74.0444754785717	208.80844951008	57.2158141155343	0	0	0	52.2706194983748	76.8324634103849	18.8693651190595	139.46586073984	87.9258662794464	0	15.8354369703194	75.9854612418746	17.9010712881963	99.0829369942347	26.7464942207334	47.6311466578299	138.550154609024	54.1867789231446	42.3674802011321	50.0140872297019	68.3459556846292	56.9204945208608	90.0235274334487	53.9598098332975	23.8767985568152	172.462377035803	0	60.1027289876278	13.8815322923331	16.9954904610399	30.7626427072499	14.415608273295	0	0	59.9389062890423	157.204479489074	0	0	95.624710449228	0	56.3297037879391	88.8749648752422	19.2253468830751	79.9162013448371	104.809897181265	23.778286825064	73.814718938992	113.393378787831	0	11.4753117960071	33.9981726754791	179.041148322408	0	22.2470173226379	50.8259373672156	47.028487199582	0	24.2599916120627	28.182957243756
1984.52151415082	38.4795519938918	127.42478025539	16.5697986324586	0	0	44.7331161673205	0	0	121.101546710231	31.3084300923199	9.90558898893073	76.5417976944805	0	9.74363658752214	126.290060677413	43.3872167260294	95.4584056655175	106.386693968485	55.1041751453334	9.20299265473764	178.621969867286	107.01211909416	21.6374755200568	51.1535128390506	11.2876154339883	57.1598897948686	174.43951284866	0	0	43.4874489490677	0	63.9395661692096	66.3213819527651	0	0	48.4335346992216	29.6146576748745	92.8207870890041	42.2436308105941	78.7858228071909	215.317733198972	59.1308566869617	70.856478808768	0	0	62.9986538550741	79.1948676860751	38.8284726335065	142.170125161984	94.9082426203104	0	21.0958053932376	80.0567345701786	25.7634614852796	101.130173183684	29.1963496449288	50.3296382473691	143.338938465485	57.6103394976125	44.4596406433237	54.0280269412045	70.9270418425452	58.0940817521088	96.7633539053633	56.6490224973732	25.1254890425612	195.939930123546	17.0193055680703	68.3996085503965	17.8318409389373	21.7714914651774	33.6227479513883	18.4047123262341	0	0	63.6396080482383	161.020639039598	0	0	98.2679191933333	0	59.4785986800933	94.7959547179814	22.0597402037075	83.2880430249158	108.814327302637	27.6190900185406	75.3126329196193	116.829675155055	0	12.728381642487	34.9896601701082	185.91878357392	3.82161896051326	31.7871039094042	53.3319585841039	51.8510766522153	0	30.7818005399364	30.0693437614225
1985.28441079344	49.4836480854914	130.724650744136	17.7827717995419	0	0	47.9536084190025	3.61960747042178	0	129.693890798196	38.6945475984545	17.6896267822647	82.6472624323472	3.89781043171701	20.7221255881108	129.69990005104	49.8015766696223	101.171717616769	111.387466924867	58.7477094709671	14.4436442222426	182.282395880806	108.644734439511	26.9763061751799	57.0227376235913	14.0840088502882	61.3928603447578	176.549269811056	0	1.42402116853808	46.6699264938539	22.4720541620388	69.3104492238226	68.0425673431289	0	0	50.7544166010943	34.5361130333617	93.4858112725754	44.6739984978652	83.5271507895384	221.827077690777	61.0459394546094	129.130617457894	0	0	73.7274123437497	81.5573945442928	58.7884330399528	144.874265630895	101.890660153352	0	26.3560688998008	84.1280084935716	33.625853056002	103.177414037285	34.1162805954229	53.0281373299603	148.127720468343	61.033652535947	46.5517804032122	58.0421101656525	73.5081497019597	59.267697160936	103.503201238217	59.3383066211426	26.3741794701764	212.284470255504	32.6224473567557	76.6965069394564	21.7822651756219	26.5474929247405	36.4828559698559	22.4889066087803	0	0	67.3400587701011	164.836798472476	0	0	100.911278098689	0	62.6274993030408	100.717088378046	24.8940312106197	86.659834410918	112.818792802633	31.4602039762834	76.8105240270265	120.265998085757	0	17.1477941350738	35.9811553746936	192.796835722498	15.0939568014995	41.3273742316571	55.8379741661314	56.6736778928775	0	37.3033402350026	31.9556945322642
1986.04730743606	60.4878046295788	134.024360311892	18.9957255318253	7.715572870835	0	51.1741030745521	8.62323875519903	9.90104569056451	138.286317067268	46.0806856447173	25.4742005666796	88.7532053551968	11.0851727320052	31.699746368861	133.109713991194	56.2155053360716	106.885038180401	115.482385397131	62.3912887567154	19.6842927193775	185.942592917029	110.27732190766	32.3151662005126	62.8916377731913	16.8803184733685	65.6258413526547	178.658931635845	0	9.47811052570135	50.0386541441522	49.5934521582134	74.6815750712065	71.1784375014182	0	0	53.0929459642037	39.4573456813384	94.1508309853024	47.1043497822773	88.26845938612	228.336482736469	62.9610623875092	132.861227790906	0	5.84636385358561	84.4568918218965	83.9200438957606	74.2035838641362	147.578282027094	108.873118750293	0	31.6162272532898	88.1992830107953	41.4882459954241	105.224659550934	40.3392558524375	55.7266438967486	152.76798897195	64.4567177681895	48.6438994639359	62.0563366696289	76.0892792384999	60.4413407389548	110.243069370297	62.0276621290306	27.6228698398302	215.94119554216	36.3291749405507	84.9934240865182	25.7328048155835	31.3234948382978	39.3429667588316	26.5732574457894	0	0	71.0402581282057	168.652957783433	0	0	103.554787053497	2.66893429591322	65.7764056489287	106.638365499251	27.728219793598	90.0315754323971	116.823293619982	35.3016283200105	78.3083922571153	123.702347541269	0	22.6148499343918	36.9726582859383	199.675303582446	26.3653183539887	50.8678275508998	58.3439841072773	61.4962908970093	0	43.8246103722044	34.9843161569977
1986.81020407869	71.4920213527163	137.323908761717	20.2086598207475	22.015709250681	0	54.3946001296921	13.62708870552	20.3480634945315	146.878825206101	53.4668441656016	33.2593087009349	94.8596253245755	18.8798470306211	42.6764973260478	136.519502461229	62.6290016104639	112.598367335236	119.57709115457	66.0349129321367	24.9249381393543	189.602560819289	111.909881480969	37.6540555311205	68.760212508612	22.0190283752177	69.8588327995418	180.768498258631	0	15.8352472373734	53.4071732263336	76.6992373151779	80.0529431673449	75.1411635317689	0.0325603636686492	0	55.4314730594793	44.3783551818347	94.815846225404	49.5346846467439	93.0097485573544	234.845948087304	70.3529240636125	136.591552417418	0.541531512529142	14.1543154784388	95.1870891466425	86.2828156526891	80.938265086858	150.282174230259	115.855618282789	0	36.8762802180974	92.2705581209465	49.3506402986891	107.271909720404	46.561446744794	58.4251579388614	156.400335683337	67.8795349242479	50.7359978091735	66.0707062200137	78.6704304296671	61.6150124772339	116.982958239551	64.7170889454654	28.8715601513857	219.597927784677	40.0359123635068	93.1988847607282	29.6834596703976	36.0994972053505	42.2030803151192	30.6577645788658	6.93539274834497	0	74.7402057963309	172.469116974796	5.45107359258001	0	106.198445946515	9.08017132382304	68.9253177098276	112.55978572521	30.5623058404988	93.4032660189704	120.827829694874	39.1433626726295	79.8062376031797	127.138723483595	8.79567891559947	28.0819219565849	37.9641689010359	206.554185968812	37.6356990367472	60.4084631278762	60.8499884016906	66.3189156403743	3.26518349702711	50.3456106258991	41.1971291792669
1987.57310072131	82.4962979814991	140.623295897159	21.4215746570525	30.7231832055268	0	57.6150995824708	21.8577097360032	23.3745923702651	155.471414903385	60.8530230955795	41.0449495428861	100.966521203173	27.2426707270095	53.6523768529129	139.929265424479	69.0420643775921	118.311705060283	123.671583866478	69.6785819268683	30.165580474361	193.262299430068	113.542413141337	42.9929741019124	74.6284610498961	28.0879602387101	74.0918346658338	182.877969617841	0	20.5022692500006	56.7754835921506	98.9161310765918	85.4245529679967	79.1039024080422	8.68445222842161	0	57.7699978846079	49.2991410982248	95.4808569924835	51.9650030743775	97.7472569120055	241.355473494716	79.8102822463859	140.32159109719	11.7046884886776	22.4615729739958	105.918001176527	88.6457097255058	87.6729464424515	152.98594211966	122.838158622499	0	42.136227557834	96.3418338229283	57.2130359615808	109.319164541235	52.7828516671242	61.1236794470428	160.03259415258	71.3021037338844	57.0659317096246	70.0852185834197	81.2516032519859	62.7887123672132	123.722867784172	67.4065869946389	30.120250405363	223.254666979615	43.7426596119123	99.2025956147307	33.6342295523713	40.8755000244614	45.0631966352481	34.7424277535522	27.9544784418462	0	78.4399014475798	176.28527604556	11.3230619703494	65.1270505699532	108.842254665647	15.4913465692334	72.0742354777517	118.481348700812	33.3962892401509	96.7749061002553	124.832400966795	42.9854066559409	82.240638599137	130.575125873807	19.3886781935515	33.5490101616143	38.9556872166803	213.43348169645	48.9050942669154	69.949280223415	63.3559870432252	71.1415520983183	9.55123119284845	56.8663406706423	47.4106803477664
1988.33599736393	93.5006342420175	143.922521521588	22.634470032173	31.7223256933043	13.0899363539473	60.8356014286512	31.1802040576512	26.4013148166776	164.064085847658	68.2392223692793	48.8311214520897	107.073891853349	35.6060526271601	64.6273833401496	143.339002844231	75.4546925216909	124.025051334461	127.765863199197	73.3222956706904	35.4062197183563	196.921808592	115.174916871581	48.3319218475609	80.4963826177526	34.1570636590387	78.3248469322823	184.9873456518	0	25.1693778486926	60.1435850969495	102.767418540846	90.7964039291214	83.0666541087781	17.3364267647938	0	60.1085204374888	54.2197029935124	96.1458632841677	54.3953050480294	102.467441953643	247.865058710278	89.2677959331162	144.051343595363	22.8695599782776	30.7681340203078	116.649624769872	91.00872602668	94.4076279315533	155.68958557575	125.735072971459	0	47.3960690361506	100.413110115493	65.0754329795637	111.366424009155	59.0034690142506	63.8222084127974	163.664764331134	74.7244239266454	64.1380795730639	74.0998735263592	83.8327976821493	63.9624404004581	130.462797942318	70.0961562009589	31.3689406012247	226.911413114226	47.4494166690211	105.205889058981	37.5851142737292	45.6515032953274	47.9233157156495	38.8272467156393	48.9726431476045	0	82.1393447552869	180.10143499545	17.1943971977783	129.069564178942	111.486213099076	21.9024598531971	75.2231589448779	124.403054069901	36.2301698798292	100.146495605774	128.837007375406	46.8277598928482	84.799088270243	134.011554673852	29.9841175475026	39.0161145119518	39.9705111225186	220.313189580463	60.1734994606052	79.4902780987074	65.8619800258303	75.9642002465588	15.8364343898548	63.3868001808452	53.6249687041851
1989.09889400656	104.505029860861	147.221585437758	23.8473459367289	32.7214705631286	28.4282371431001	64.0561056640817	40.5028621757892	29.4282306539081	172.656837727747	75.6254419211023	56.6178227872179	113.18173613789	43.969990855607	75.601515175998	146.748714683947	81.866884927176	129.738406136619	131.859928820441	76.9660540933419	40.6468558631454	200.581088147248	116.807392653551	53.6708987026384	86.3639764319745	40.2263382117598	82.5578695792346	187.09662629647	0	29.8365728603119	63.5114775965045	106.618622683221	96.1684955068798	87.0294186122485	25.9884838407706	0	62.447040714065	59.1400404311181	96.810865100234	56.8255905512183	107.187287707652	254.37470348534	98.7254644689614	147.780809674252	34.0361387160473	39.0739962941932	127.381956786187	93.3718644676609	101.142309553706	158.393104477929	127.377314416787	0	52.655804417393	104.484386997747	72.9378313477567	113.413688119989	65.2232971796227	66.5207448270136	167.296846162882	78.1464952321573	71.211289695056	78.3921181456155	86.4140136964875	65.1361965683013	137.20274865214	72.7857964889331	32.617630738963	230.568166177909	51.156183519227	111.208764086027	41.5361136462638	50.4275070164504	50.7834375533957	42.9122212105977	53.6446892162079	0	85.8385353931523	183.917593824767	23.0650784176998	134.475644979432	114.130321135105	28.3135110003998	78.372088103052	130.324901476589	39.0639476475523	103.518034465181	132.84164886057	50.6704220057981	87.3575475984605	137.448009845128	40.5819893288774	44.4832349681361	43.0560983571707	227.193308436363	69.4625269392349	89.0314560147558	68.3679673432962	80.7868600606291	22.1207914665611	69.9069888302346	59.8399932931287
1989.86179064918	115.509484564387	150.520487448957	25.0602023618045	36.1397592572376	36.6744048800189	67.2766122867255	49.8256834501542	32.4553396926424	181.249670232171	83.0116816852293	64.4050519078656	119.290052919778	52.3344835373034	86.5747707464008	150.158400906934	88.2786404780364	135.451769445693	135.953780397953	80.6098571243993	45.8874889025587	204.240137938492	118.439840469976	59.0099046019082	92.2312417125374	46.2957834692412	86.7909025875144	189.205811490481	28.2319039857342	34.5038541158791	66.8791609452456	110.469743371345	101.540827157101	90.9921958968492	34.6406231577508	0	64.7855587131452	64.0601529737517	97.4758624394084	59.2558595669251	111.906793583612	260.884407571568	108.183287200785	151.509989096764	45.2044174349161	47.3791574736244	138.114994085036	95.7351249592221	107.876991308379	161.09649870571	129.019611042248	0	57.9154334648821	108.555664468578	80.8002310619513	115.460956869256	71.4423345563041	69.219288680933	170.928839590243	81.5683173799043	78.2855597081548	83.0546393702948	88.9952512722454	66.3099808622044	143.942719851796	75.4755077828674	33.8663208186016	234.224926160134	54.8629601461225	117.211219695428	45.4872274821611	55.203511187126	53.6435621444299	46.9973509837357	55.739340011963	0	89.5374730342134	187.733752532298	28.9351047706456	139.881497883798	116.774578662323	34.7244998346425	81.521022944611	136.246890565244	41.897622432368	106.8895226079	136.84632536207	54.5133926176206	89.9160165735341	140.884491349256	51.1822858966003	49.9503714915162	46.1417916090618	232.869838564225	72.7738076090021	98.572813232469	70.8739489898078	85.6095315159326	28.4043008022445	76.426906292357	66.0557531588143
1990.6246872918	126.513998079026	153.819227358641	26.273039298498	42.6638753844798	44.9205728784254	70.4971212921368	59.1486672411199	35.4826417490409	189.842583049602	90.397941596364	72.1928071736784	125.398841062489	60.6995287973078	97.2176258708595	153.568061476443	94.6899580580915	141.165141240653	140.047417598207	84.253704693729	51.1281188289361	207.898957807763	120.072260302801	64.3489394799093	98.0981776793244	52.3653990067329	91.0239459378657	191.314901170366	76.8700412190365	39.1712214456503	70.2466349985555	114.320780473833	106.913398336005	94.9549859412276	43.2928444163597	0	67.1240744330949	68.9800401845349	98.1408552996387	61.6861120780643	116.625958986218	267.394170720504	116.561196913564	155.238881625696	56.3743888708814	55.6836152346853	148.848733526708	98.0985074144253	114.611673195548	163.79976813877	130.661962812627	0	63.1749559427947	112.626942526872	88.6626321174458	117.508230252735	77.6605795364462	71.9178399652677	174.56074455532	84.9898900996977	85.3608872467377	87.7168646569872	91.5765103855479	67.4837932736799	150.682711479217	78.1652900070505	35.115010840062	237.881693050231	58.5697465338168	123.213254884271	49.4384555937903	59.9795158068252	57.1820023689845	51.0826357794892	57.8338965837076	0	93.2361573514547	191.549911118806	34.8044753995776	145.287122371246	119.418985569019	41.1354261801937	84.669963461323	142.169020980012	44.7311941217558	110.260959963563	140.851036819364	58.3566713509536	92.4744951827158	144.320999147852	61.7849996165333	55.4175240432696	49.2275908661627	237.386518634902	76.0850350961073	108.114349012967	73.3799249590087	90.4322145882791	34.6869607742274	82.9465522406798	72.2722473463206
1991.38758393443	137.518570131035	157.11780496964	27.4858567379171	49.1879930462103	53.1667411391934	73.7176326774419	68.4718129095672	38.5101366378596	198.82369637422	97.7842215887557	79.9810869447184	131.508099429458	69.0651247608283	104.668330062283	156.977696355924	107.165375461962	146.878521500302	144.140840088401	87.8975967309135	56.3558365498025	211.557547597536	121.704652134547	69.6880032715092	103.964783552229	58.4351843974712	95.2569996107346	193.423895274246	122.75027715776	43.8386746799286	73.6138996106485	118.171733855447	112.286208499798	98.9177887235591	51.9451473178517	0	69.4625878707756	73.8997016264524	98.8058436809768	64.1163480678477	121.344783325094	273.903992683875	118.329784410904	158.967487023942	67.5460457638892	63.9873672539191	159.583171971977	100.462011743655	121.346355214889	166.502912656977	132.81839033531	0	68.4343716150209	116.698221171556	96.5250345097139	119.555508266103	83.8780305119915	74.6163986715072	178.192561002346	88.4112131205034	92.4372699462126	92.3787934915428	94.1577910136122	68.6576337939582	157.422723472858	80.8551430862238	36.3637008034293	241.53846683792	62.2765426669224	129.214868650723	53.3897977930793	64.7555208740826	64.6934987159158	55.1680753442147	59.9283588708794	0	96.9345880182012	195.366069583539	40.6731894451894	150.692517923506	122.063541743179	47.5462898605266	87.8189096454211	148.091292365148	47.564662603881	113.632346461778	144.855783172342	62.2002578291869	95.0329834161952	147.757533202413	72.3901228616447	60.8846925846612	52.3134960770317	241.903220950117	79.3962093265854	117.656062617345	75.8858952452032	95.2549092528829	40.9687697595293	89.4659263481428	78.4894749009013
1992.15048057705	148.523200446934	160.41622008491	28.6986546707052	55.7121122377974	61.412909660938	76.9381464393623	77.7951198157106	41.5378241734599	208.875585126981	105.170521596871	87.7698895815253	137.61782688463	77.4312695537941	112.11914278142	160.387305508641	122.705630120539	152.591910203491	148.234047536432	91.5415331659303	61.2716290312909	215.21590714992	129.590319270399	75.0270959113781	109.831058550519	64.505139216315	99.4900635868334	195.532793739464	127.922035262575	48.5062136481934	76.9809546367201	122.022603381842	117.659257104909	102.880604222376	60.5975315634099	0	71.8010990242729	78.8191368623525	99.4708275818793	66.5465675192537	126.063266007954	280.413873213462	120.098392939995	162.695805053446	78.7193808567367	72.2904112064852	170.318306281912	102.825637858788	128.081037365551	169.205932139705	137.031024452083	0	73.6936802450795	120.76950040163	104.387438234063	121.602790905055	90.0946858730554	77.3149647905565	181.824288873428	91.832286171794	99.514705443111	97.0404253591858	96.7390931329198	69.8315024145935	164.271365168712	83.5450669444234	37.6123907086848	245.19524751231	66.5358982276398	135.216059992413	57.3412538924084	69.5315263880509	72.2037857980422	59.2536694226845	62.0227268102913	2.78749529080851	100.632764707226	199.182227926382	46.5412460477692	156.097684021584	124.708247073469	53.9570907002153	90.9678614887958	154.013704365067	50.3980277669953	116.520188795724	148.860564360536	66.0441516751623	97.5914812628362	151.194093474623	82.9976480119824	66.3518770767877	55.3995071872713	246.419945463647	82.7073302258391	127.197953306812	78.3918598419771	100.077615485546	47.2497261344306	95.9850282877856	84.7074348695535
1992.91337721967	159.527888752924	163.714472507774	29.9114330883428	62.2362329551595	69.6590784426842	80.1586625741535	87.1185873202002	44.5657041701048	218.926011186897	112.556841555328	95.5592134446235	143.728022291868	85.7979613028231	119.57006368627	163.796888898037	138.245653566736	158.305307329385	152.327039608718	95.1855139281471	66.1874178498326	218.874036306958	158.116326557899	80.3662173342337	115.697001893737	70.5752630374615	103.723137846652	197.641596503392	133.093502981141	53.1738381815766	80.3477999315719	125.873388919067	123.032543607468	106.843432416249	69.2499968540971	0	74.1396078907266	83.7383454548383	100.135807001402	68.976770415657	130.781406441741	286.923812061025	121.867022485951	166.423835477357	89.894386895978	80.5927447672367	181.054133318108	105.189385671985	134.815719647508	171.90882646662	141.244047434101	0	78.9528815969912	124.840780215996	112.249843286058	123.650078165266	96.3105440098332	80.0135383133993	185.45592811227	95.2531089829974	107.912819549933	101.701759745369	99.3204167201893	71.0053991268649	173.084004339559	86.2350615063966	38.8610805554899	248.852035063152	72.9241547840306	141.216827906297	61.2928237037584	74.3075323481191	79.7128608511212	63.3394177605182	64.1170003423927	8.74561102752137	104.330687091462	202.998386147442	52.4086443475506	161.502620145769	127.353101448706	60.3678285224792	94.1168189837507	159.936256623831	53.231289498997	119.036121956361	152.865380323862	69.8883525120468	100.149988712291	154.630679926	93.6075674541731	71.819077480792	58.4856241442228	250.936692129614	86.0183977231095	136.740020342302	80.8978187434738	104.90033326162	53.5298282743392	102.503857731945	90.9261262989788
1993.67627386229	170.532634775457	167.012562041023	31.1241919813879	68.7603551935806	77.9052474837132	83.3791810786908	96.4422147837399	47.5937764428536	228.974968777359	119.943181398418	103.349056894988	149.838684515772	94.1651981340094	127.02109242823	167.487228811025	153.785444247544	164.018712856647	156.419815972525	98.8295389477266	71.1032030505847	222.531934910822	167.109088211051	85.7053674746789	121.562612801098	76.6455554350268	107.956222370961	199.750303503413	138.264680049938	57.8415481092924	83.7144353500586	129.724090332849	128.406067463836	110.806273283253	77.9025428912402	0	76.4781144683623	88.6573269667052	100.800781937899	71.4069567398749	135.49920403387	293.433808978339	123.635673035909	170.151578057536	101.071056631138	88.8943656104235	191.790649942734	107.553255094838	141.550402060248	174.611595517515	145.457458901452	0	84.2119754343101	128.575655468478	120.112249661072	129.794142782002	102.525603311552	82.7121192314133	189.087478660896	98.6736812830596	116.372280671245	106.362796135414	101.901761752109	72.1793239222993	181.896742895321	88.9251266961262	40.1097703441376	252.508829479362	79.3118067778378	147.21717139011	65.2445070396911	79.08353875304	87.2207211062674	67.4253201032114	66.2111794048315	14.7037289536392	108.028354843877	206.814544245892	58.2753834833765	166.907325777485	132.106820058558	66.7785031515905	97.2657821220566	165.858948785877	56.0644476879004	121.551976035608	156.87023100192	73.7328599632592	102.70850575268	158.067292518185	104.219873582692	77.2862937579143	61.5718468934673	255.453460902553	89.3294117435767	146.28226298513	83.4037719436818	109.723062556848	59.8090745535866	109.022414353023	97.1455482372122
1994.43917050492	181.537438240873	170.310488487717	32.3369313413247	75.2844789489407	86.1514167827561	86.5997019495956	105.766001566784	50.622040807093	239.022452118868	127.329541060506	111.139418294029	155.949812420821	102.532978174242	134.472228658507	171.006471508547	169.325000609818	169.732126764369	160.512376294597	102.473608153886	76.0189846261893	226.18960280316	176.101264576821	91.0445462675919	127.427890491706	82.7160159837865	112.189317140362	201.858914677282	143.435566228191	62.5093432620839	87.08086074639	133.574707488737	133.779828130725	114.769126802162	86.5551693757456	1.31006610573237	78.8166187548644	93.57608096066	101.465752390013	73.8371264751142	140.216658191922	299.943863717344	125.404344573085	173.879032556414	112.249382815185	97.1952714093513	202.527853018282	109.917246038681	148.285084603391	177.314239171498	149.671258471592	0	89.4709615208625	132.033065761941	127.974657354454	137.439943735977	108.739862166472	85.410707535409	192.718940462724	102.094002801202	124.832623978292	111.023534014441	104.483128205538	73.3532767924057	190.709580442825	98.0278392249974	41.3584600746919	256.165630751057	85.6988527682379	153.217089440251	69.1963037119694	83.8595456020803	94.727363791236	72.8921041858467	68.3052639366867	20.7337887210659	111.725767637061	210.630702221903	64.141462594208	172.31180039776	138.517999667941	73.1891144116089	100.414750896035	171.781780495541	58.8975022218884	124.067750953231	160.875116334497	88.3453201656431	105.267032373927	161.503931212628	114.834558797941	82.7535258693467	64.6581753825154	259.970251736502	92.6403722137743	155.824680496339	85.909719436341	114.545803346613	66.0874633451988	115.54069782298	105.490716574917
1995.20206714754	192.542298875464	173.608251650792	33.5496511587805	81.8086042169216	94.3975863390317	89.820225183227	115.089947029893	53.6504970764962	249.068455429195	134.715920476115	118.930296003343	162.06140487186	110.901299550891	141.923472027718	172.49152334219	184.864321100464	175.445549031289	164.604720242229	106.11772147681	80.9347625694163	229.847039825988	185.092853497236	96.383753647637	133.292834184594	88.7866442576932	118.704003467846	203.967429961727	148.60616126931	67.1772234700841	90.4470759752798	137.425240253183	140.885641928875	118.731992951032	95.2078760089223	5.83797930746127	81.1551207479896	98.4946069992617	102.13071835742	76.2672796043753	144.93376832277	306.453976030009	127.173037080807	177.606198735892	123.429358204435	105.495459837137	213.265739407696	112.28135841536	155.019767276632	180.016757308602	153.8854457641	3.27578076349393	94.729839620466	135.490338854786	135.881857460467	145.084888696109	114.953318962274	88.1093032166401	196.350313460224	105.51407326646	133.293846631086	115.683972867555	107.064516056831	74.5272577284949	199.522516582568	114.146887870934	42.6071497469155	259.822438866984	92.0852913139023	159.216581053814	73.148213533343	88.635552894269	102.23278613357	84.8156715629082	70.3992538759438	29.2495897210206	115.422925143785	214.446860075462	71.0788586476208	177.716043486689	144.930020850588	79.599662126294	103.563725297555	177.704751397076	61.7304529888291	126.583446633908	164.880036261128	112.510223034683	107.825568564859	167.056763807087	125.451615507925	88.2207737763085	67.7446095579792	264.487064586406	95.9512790610802	165.367272137181	88.4156612154436	119.368555606541	72.3649930221577	122.866088001402	129.199965321647
1995.96496379016	203.547216405545	176.905851333165	34.7623514248441	88.332730992922	102.643756151815	93.0407507765958	124.414050533778	56.6791450664968	259.112972923113	142.102319579658	126.721688384596	168.173460733986	119.270160391549	149.374822187188	173.976561161524	200.403404165875	181.158979636428	188.415191262917	109.761878845964	85.8505368715315	233.504245821115	194.083852738478	109.422393916762	139.157443098552	94.8574398315517	142.272224994764	206.075849294602	153.776464929957	71.8451885633295	93.8130808913701	141.275688491021	149.889595340648	122.694871708725	103.86066249176	10.3659397807691	83.4936204452827	103.412904645054	102.795679838307	78.6974161108853	149.650533833627	312.964145668237	128.94175054458	181.333076358438	134.610975558429	113.83772790252	217.93426162539	114.645592136568	161.754450079655	182.719149808238	158.100020397551	13.2303318902869	99.9886094967416	138.947474665543	143.87053826383	152.728975100274	121.165972085754	90.8079062660411	199.981597596772	108.933892407601	141.755945791443	120.344112179582	109.645925283081	75.7012667219932	208.33555091636	130.265956656075	43.8558393607251	263.479253816888	98.4711209730275	165.215645226977	77.1002363155026	93.4115606286022	109.736985357893	96.7395472742397	72.4931491606912	37.7664021882789	119.119827036629	218.26301780595	83.8351331672026	183.120054525416	151.342882250368	86.0101461193712	106.712705318712	194.870403165238	64.563299876744	129.099063004403	180.095859335056	136.677242535234	110.384114314236	174.937766171769	136.071036127311	93.6880374399911	72.2935211500738	269.003899406543	99.262132211473	174.910037168717	90.9936856312583	124.191319312201	78.6416619563882	134.015590894324	152.918670384535
1996.72786043279	214.552190557461	180.203287337766	35.9750321308624	94.8811905228185	110.889926219788	96.2612787259987	133.738311438938	59.70798459213	269.155998813103	149.488738305622	134.513593800109	174.238054404312	127.639558823884	156.826278787942	175.461584940879	215.644122577781	186.872418558663	215.610676695004	113.406080191171	90.7663075257103	237.161220630146	203.074260068858	124.549270882676	145.021716452195	100.928402279409	165.347024937893	208.184172613328	158.946476965471	76.513238372117	97.1788753488734	145.12605206898	158.893012086655	126.657763053276	112.513528525419	14.8939474448121	85.8321178446307	108.330973460535	103.460636832136	81.1275359775618	154.366954130849	319.474372384082	130.71048494605	185.059665185746	145.79422763969	123.355532318583	221.908557660598	118.952136122932	170.370944624838	185.421416549718	162.314981991696	23.1850758317417	105.247270913437	142.404473115283	151.859255598065	160.155683910275	127.377819922966	108.016856961754	203.612792814457	112.353459953778	150.218918621822	125.003951435544	112.22735586072	76.8753037643166	217.148683044922	146.385045437883	45.1045289161696	267.136075590143	106.66000007479	171.214280956096	81.9676948840631	98.1875688042339	117.239958687549	108.663729722435	74.5869497296567	46.284222869123	122.816472988061	222.079175413402	96.5922527815034	188.523832994378	157.75658251034	92.4205662149312	109.861690951519	225.395473929877	71.7396432161142	131.61459998758	183.119830922015	160.846356757097	112.94266961209	182.819657887305	146.692813077595	99.1553168215704	94.9037050929318	273.520756150991	102.572931592063	184.452974852181	93.5772594135289	129.014094438976	84.9174685182995	145.167602975985	176.646749907623
1997.49075707541	225.557221057473	183.500559467332	37.1876932675476	102.023187670123	119.136096542382	99.4818090282535	143.06272910619	62.7370154681049	279.197527308311	156.875176588311	142.306010612265	179.748752885698	136.009492976214	164.277841481284	176.946594680689	218.231135044292	192.585865776965	242.814835886093	117.050325442141	95.6820745240174	240.81796409466	212.032216646676	139.677466706516	150.885653464044	106.999531176078	173.993143115242	210.292399854993	164.116197131188	81.1813727264779	100.544459202215	148.976330852367	167.895890058691	130.620666963414	121.166473811176	19.422002221431	88.1706129435871	113.248813008057	116.39883522837	89.6952076739493	159.083028621531	325.984655929665	132.4792402707	188.785964979404	158.819493874663	132.875336286444	225.882867607552	123.617199741346	194.510342867471	188.123557412584	166.530330165746	33.1400117639347	110.505823634224	145.861334123365	159.84800933226	166.811142001865	133.588860859276	112.995363798896	207.243899056543	116.108298370699	158.682762285457	129.663490120016	114.808807766528	78.0493688469871	225.961912570214	162.504154074715	46.3532184132175	270.792904176244	107.277162323279	177.212487237098	88.5520837610412	102.963577420306	124.741703343968	120.588217307723	76.6806555224725	54.8030484929663	126.512862670616	225.895332897608	109.350212930569	193.927378373983	171.388780365579	98.8309222368043	113.160671799138	255.920543102673	82.1427427544429	134.130057509943	186.143851160961	185.017543794827	115.501234446644	193.089401200102	157.636190372631	104.622611882214	117.514430368961	278.03763477411	105.883677129603	193.996084448681	96.1608259388785	133.945077979411	91.1924110780475	156.322115089621	200.384122140406
1998.25365371803	236.562307631827	186.797667524779	38.4003348256651	109.164879606613	127.382267118529	115.949776449833	152.387302895962	65.7662375095215	285.457152454173	167.764313426871	150.09893718397	185.260074928458	144.379960976878	171.729509918317	178.4315903663	220.81819350515	198.299321270055	270.027574994781	120.694614528717	100.597837859034	244.474476056399	217.654070105371	154.80697300177	156.749253352524	113.070826095904	182.639986673781	212.40053095719	169.285625182121	85.849591456918	103.909832305859	152.826524707028	176.898227146611	134.583583417331	129.819498050104	23.9501040283213	90.5091057400074	118.166422849938	133.709769493152	94.9553660371588	163.798756711866	332.49499605718	134.248016501683	192.511975501338	178.959151765675	142.397135027628	229.857191441851	128.282269240417	212.151261495731	201.657404515731	170.746064539424	43.0951388638958	115.764267422798	149.31805761127	167.836799336558	183.06946959276	139.79909327909	117.973917518241	210.874916265232	126.506063618942	167.41148209105	134.322727717745	117.390280977262	79.2234619614543	234.775239093156	178.623282424362	47.6019078520522	274.449739564348	109.040475717543	183.210263065909	95.1357511756586	107.739586475785	132.24221654664	132.513008431926	78.7742664759602	63.3228757912107	130.208995756543	230.254019351274	122.109009056473	199.33069014485	185.869270176066	105.241214008807	116.640527997919	286.445610662469	92.5458634212727	136.645435495094	189.167919984081	206.810854525392	118.059808807264	205.627768522169	174.339650721238	110.089922583045	140.125691650341	282.55453523043	109.194368750179	203.539365219474	102.808859057345	141.447598259202	97.4664880045466	167.479118086316	224.130705436339
1999.01655036065	247.567450006772	190.642179073964	39.6129567963677	116.3062659399	135.62843794726	126.129012724722	161.712032168989	68.7956505313335	289.592899174924	187.432859660481	157.892371877945	190.772019499076	152.750960954846	179.181283750095	179.916571992349	223.405297863236	205.956453479635	297.248800266494	124.338947380438	105.513597523047	248.130756356514	223.276385617234	169.93778138453	162.612515335796	119.142286613478	191.287553042614	214.508565857072	174.454760873171	90.5178943933622	107.274994513697	156.676633498684	185.900021240154	138.54651239355	138.472600943199	28.4782527850633	92.8475962315578	123.083802548371	151.024145663204	97.5648452912109	168.514137808482	339.301153629011	136.016813622929	196.23769651314	199.098343207522	151.920923745565	233.831529136892	133.927847884442	229.793114289621	212.77873042182	174.962184732455	53.5537169009351	121.022602042676	152.774643498715	175.825625480632	200.549013735488	146.008515566206	165.457620058013	214.505844383776	142.005325940206	178.298354743742	138.981663713141	119.971775469804	80.3975830989321	243.588662215232	194.742430344622	49.4549017990562	299.69102130491	112.104487565324	189.207607437929	101.718695434969	112.515595969772	139.741495513364	144.43810149516	81.2706578991515	71.8437014967815	133.90487191815	239.380573681166	134.868636601303	204.733767787182	200.346181467335	111.651441354942	122.221260309051	316.970676587639	102.949005117387	139.160733868048	192.192037331367	210.371586497993	120.61839268315	218.164801132174	191.045409204735	118.947844518741	154.86460812893	287.071457474352	112.505006380681	213.082816425671	110.937068847561	148.950404935062	103.739697666101	178.638602824433	247.886418251047
1999.77944700328	267.064141384443	204.278985622926	41.0700573069797	126.413959534696	144.841867859883	136.30828982127	171.036916285944	138.968606382811	293.728960331671	198.796991373416	169.415078784548	196.284585564867	161.977891795152	186.633162627907	181.401539549344	225.992448070441	215.481744873922	310.781800564684	131.916620076271	110.429353508515	251.786804836652	228.899162657565	186.175695832738	168.475438631892	125.213912303279	199.935839638599	216.616504492321	179.623603959303	95.1862813662313	110.639945680433	160.52665709295	194.901270228982	142.5094538705	147.125782191803	33.0064484121355	100.656385581028	139.83895873299	168.341939572018	100.174324546006	173.229171317568	348.667254645656	137.785631618829	199.963127776215	219.237063968534	161.446697648646	237.805880668251	140.744394613581	247.435894080193	216.515724513145	179.178690364919	68.4549790925983	124.291946303244	156.231091705549	183.814487634488	218.021561843983	152.217126103374	210.025433889776	218.136683354519	157.509046233601	189.185214039678	143.640297590754	122.553291220519	81.5717322509694	252.402181537912	210.861597693578	65.0929920172409	322.193276883372	115.168359090391	195.204519348441	108.30091484519	117.291605901407	147.239537460113	156.363494899108	86.2519875339165	80.3655223433594	137.600490827762	248.505499490068	147.629091008626	210.136610781546	214.819495358884	118.061604098925	128.364211089556	339.418352789664	113.352167743299	146.293954644579	195.216203138154	213.932310367828	123.176986063473	230.700492169097	207.753449592995	128.295568943542	167.614539661899	291.588401460055	115.815589947939	234.632531859428	119.066203747881	160.992565128881	110.012038429789	189.800560169686	254.481712794987
2000.5423436459	289.535775327614	217.919532270776	44.8309175357084	148.859488990665	154.899450757365	146.487607552328	180.361954607517	207.510764612088	297.865335465065	205.657195090457	184.094538687476	201.797772092361	175.255897151657	194.085146202864	182.886493029975	228.579644079941	228.604489786114	316.832422554412	142.24325807797	115.345105807607	255.442621338009	234.522400755958	202.5118449874	173.827353092122	131.285702739979	208.584843877494	218.724346799851	184.792154194843	137.70877928952	114.004685659823	164.376595355751	203.901972002338	146.472407826531	155.779041496828	94.1889690628628	114.553796862973	160.726619466745	185.663127067187	102.783803797502	177.943856645087	356.95985950642	139.554470472309	203.688269052059	239.375309818313	170.974451949215	241.780246010956	147.561195031089	265.079593700313	220.252698626043	183.395581056925	83.3513573735041	127.560852920179	175.900568358686	191.803385667766	228.675190802716	158.424923272896	224.966224558522	221.767433120226	173.017200941197	200.07205992012	161.918722857584	125.134828206147	82.7459094090451	261.215796662468	226.980784329011	102.246706642893	344.70633870893	118.232090135028	201.200997792503	116.105551035918	122.067616269702	154.736339601097	168.289187044621	91.2338366405361	88.8883350658942	141.295852157224	257.628791740774	160.390367722705	215.539218607915	229.28919295423	124.471702064613	134.506860578983	360.407996125286	119.944943436389	157.582940394236	198.240417341121	217.493026124735	125.735588937117	243.234834769425	224.463755661727	137.643132137666	180.366117513317	314.132241194991	119.126119378103	306.195575609775	127.196260873985	174.208466289193	116.283508662098	200.964980994659	256.684686936616
2001.30524028852	312.551649085328	232.468911619725	48.5920049494388	171.304221427408	164.957033709004	156.666965729055	192.873216020809	245.343905087739	302.002024116414	212.51644268722	198.774846075563	225.49207461262	188.135461637745	201.53723412627	184.371432424901	231.166885845144	241.725614084256	322.882744777451	149.790908377449	124.540573018192	259.098205701747	240.146099441452	218.848524528135	178.121794959756	166.236153420735	217.234563176678	226.886001505998	189.960411334028	174.548072439164	117.369214305953	168.226448152706	218.732940174734	150.435374240144	164.432378559607	160.494757745567	129.03494431285	181.623654815546	202.512262359681	105.887229621726	182.65819319707	362.025353625104	155.318805133514	207.413120101906	259.513076525872	180.504181865067	245.75462513941	183.016987696817	282.72420598338	223.989652732902	187.612856428916	98.242829926172	136.93519860929	197.473584693431	199.792319450145	232.160112650683	164.631905456089	239.904433345061	231.588697846881	195.141329283734	210.958892322046	187.63116932528	161.649994975872	89.4576478562778	272.297246676115	231.566117066228	141.117319199541	367.230130513863	121.936133675375	207.197041765074	128.970309682715	126.843627073715	162.231899148664	180.215176333165	104.675526723641	97.4121364007609	144.990955578869	266.750445394117	173.152462188133	220.941590746595	237.286440880551	130.881735075963	140.649207992454	381.401380626223	125.618613893612	172.117405964057	201.26467987645	221.053733755083	128.294201293258	255.767822067756	235.701560795613	144.488739778215	193.119332990062	347.375072981189	122.436594598354	377.711096532034	135.327237343865	187.422067584515	123.983118047984	212.131856178642	258.88762240809
2002.06813693115	335.916901242022	250.851547413681	106.448182301107	189.891961730341	177.039333737109	164.161522090124	206.711176372175	335.95547241664	306.1390258274	219.374732436373	213.455995472928	263.514831454978	194.595539042044	212.344524818495	231.959391916824	233.754173319286	254.845108966772	328.93276645538	164.674122957395	134.038024524706	262.753557769063	256.074632156388	235.185730563489	182.416274470356	169.549210273168	225.884994954048	247.905111567398	203.807332856356	211.365508355813	120.733531472853	173.237173665315	238.065476368255	154.39835308976	176.108492993557	202.016569251029	146.424950306839	202.530003795892	212.661256802659	120.763658063213	186.201394829224	367.090942780392	179.054824076312	211.137680686894	279.650359859772	190.035882618503	250.916085574485	201.084637001821	300.369723763581	227.726586799592	191.830516101382	113.129374904351	147.745859808918	219.037774772622	207.781288851428	264.665971735095	170.8380710334	254.840045903328	235.014301199244	235.787717568792	221.845711183354	214.20125520609	247.451004477939	107.308869433931	283.960583739467	233.838169251954	179.989915347941	389.764576163304	146.062676186662	213.192650260574	139.812062235942	136.368341532044	169.72621331311	190.999097355751	122.31909176916	105.936923085331	148.685800764478	275.870455407831	185.915369850573	226.343726677658	246.255048294611	138.931277724337	146.791252548156	402.398475006616	131.291675952989	193.441111595679	204.288990681853	224.614433245905	130.852823121051	300.949386726615	245.882113051991	147.216769403988	215.187647946801	380.598058569175	125.747015534936	411.525698820398	143.459130275781	219.677176512837	138.913185059512	223.301176608252	261.090519168243
2002.83103357377	359.270460114347	269.231273631969	164.600605414204	197.941717282392	197.707632115854	203.953078107136	220.549241076033	362.4738993106	310.276340138232	226.232062608529	228.137981403571	289.592753188519	203.753123297457	231.323007648719	248.145593934339	246.183822010898	267.962965629512	334.982486810808	193.999756373388	137.974593020255	266.408677381106	320.783421342681	251.523459201467	186.710791558174	172.862475400044	234.536136627661	280.02920935837	234.028347462483	248.160784737628	124.333215024138	178.985247372626	257.39800417018	162.167473831242	188.319526801204	218.077784438833	176.104347676852	223.445605523501	222.80817987047	135.644678593456	190.844642000644	442.868643740357	202.786414659445	214.861950568185	299.787155587898	199.569549436448	258.155660335353	204.69512603034	313.189102630397	231.463500796269	215.809142115864	127.191677199543	158.556280735308	240.593072416319	317.215259457609	276.451457158072	177.043418384601	269.773047880611	238.439641503427	241.365668277244	310.631951051263	247.686924859696	258.70650162767	125.155899084556	295.622208774726	236.110326222994	195.915541992586	412.30959965332	190.683491097134	219.187822273391	150.653980107977	146.492896825524	177.219279303234	193.966595819914	139.967360036322	139.552341129668	210.948929380226	284.988816736243	198.679086156201	231.745625880986	259.436695772925	144.649361538382	152.932993462405	409.910952894634	137.821815127908	214.760050343538	224.025456524579	228.175124583309	142.12526212639	307.002729809847	256.060685209547	149.944648999309	237.994314365372	387.965917275914	130.591864014108	428.047331468269	178.822173067603	302.215664790813	160.582211226138	234.472933176625	263.29337718037
2003.59393021639	382.61224627992	287.60806983382	170.738579717992	205.990086948873	218.36796870926	209.987167690159	234.689437087487	383.592128954638	314.413966590687	325.226330122542	244.989625083177	295.839625121218	214.31916746924	271.634197643107	277.127918634461	263.697858636222	281.079175265282	341.031905063664	223.316502965656	141.911356002946	274.806575810195	429.718317704339	280.730613856458	223.197244400225	176.175948633463	243.873524734889	312.146241060191	264.839117257471	285.152559348188	131.846716879733	184.36845765683	305.342123822973	206.906405019285	205.223808097099	235.695110488697	216.714639361181	244.370399212512	242.299956069885	150.53027003423	222.997376974694	503.695939645731	226.513535965824	225.592853331117	319.923459477713	209.105177551141	265.39624264399	208.305614864918	320.302117695127	235.200394691168	287.30929973274	140.477846832388	184.301473717418	262.139411346111	334.116688299087	286.178517232474	242.037989603242	284.703424915166	241.864718496824	246.144603018896	359.860415220804	281.197495172659	263.736010775476	142.998724155466	307.282113466974	238.382587912681	206.142990530327	434.865125109692	220.884573497424	262.521172023502	161.496062488367	176.055071224621	203.276740332756	196.933917794237	157.620301077741	174.281888534096	281.804202067758	294.105524330471	210.892807633431	258.292069979707	281.351627782249	173.599721268567	189.298489624463	413.39394527326	148.048335750308	236.074183848714	264.126933921597	231.735807754198	158.284246478081	309.413179376381	266.237270293755	178.442010847331	260.795621138125	393.55068122199	140.301178569322	444.571447214653	199.428589826337	394.896234340203	182.331394199938	245.647116784028	265.496196407661
2004.35682685902	405.819434707678	305.981915568185	176.87703548991	235.404457199744	238.495398052036	223.336117689701	254.906286288748	404.710483119446	318.551904725626	405.572181935045	280.934964811982	302.085772701029	218.714830489167	320.351927006971	306.107638515539	281.218037956313	294.193729062823	347.081020435318	252.62426360763	167.768329727978	297.843175644994	643.711180076477	314.721212283446	259.841201162072	186.159262601248	258.574864490399	344.256116913896	295.643283730033	331.145317668159	214.131815390165	189.7516003979	344.090596148133	233.579692568124	216.43585165035	253.307915547029	257.297309524741	265.304324174458	282.489582104817	180.989374081631	254.316636473621	564.475819439025	250.236147053994	270.51641747486	352.756071449384	218.642762198873	305.899012434387	211.91610350573	327.868255182565	262.40127916018	361.012709504646	158.505578428897	223.698970738563	281.190386789323	353.580286111086	310.137946513647	247.197081584845	299.631162638121	272.065166959145	250.923337312832	409.108941958117	314.732724064038	313.04882396677	162.632130451066	318.940289497983	240.654954248602	216.371356656519	445.945735314038	251.073861349416	284.061008329834	178.906534737013	200.157624397085	285.340997749398	199.901063109712	184.40347542953	188.46765603587	352.769667122016	303.220573138322	221.411654071877	307.406785068056	343.810305833802	200.234565357724	228.563654528629	416.87676149532	161.654758351967	257.58207740363	274.000647732536	235.296482746244	174.4376889153	311.823517441488	276.411861325123	221.037465163149	283.591521912532	399.134810853538	238.180478690669	461.098029400604	238.760654381687	441.976954476208	204.090982211229	256.823718337318	267.698976812364
2005.11972350164	428.47250918502	324.352790373345	183.015971537366	271.513319382142	257.409007889637	266.88283562607	280.614482833499	425.828960771443	337.099872590748	419.716673481546	316.862738122694	309.577510934562	222.668995088598	369.042437863348	335.084723417447	297.465098803445	308.996081966225	353.129832146741	281.922939076131	220.909979340329	324.937289206322	679.143902639114	339.756530206345	296.475496059382	202.073509201896	291.611332389168	376.358747094897	326.44076764507	377.182309773384	250.417150798971	239.26812406933	358.116236449159	250.821790170884	249.658193006914	270.916184764005	297.851963318196	286.247319816924	327.291806595517	234.422212440947	292.597171385017	625.207181451489	273.9542069568	337.413297483584	406.394063683245	228.182298621114	338.105425805414	263.095245340584	335.433628683988	298.534586118587	433.397235455301	204.037755781306	263.086775633386	286.061941415419	380.309697163171	334.096930250701	252.356180806605	314.556246671769	310.481315668495	266.157935314347	433.515472416344	344.825130410735	362.427350645147	207.280337933677	330.59672854386	242.927425162668	226.600638858873	449.947561836111	281.251224182707	375.011104092593	305.126647625896	231.07039108605	314.799577080432	223.033175986933	217.589963293141	223.396063904645	388.203010776471	308.415177792477	255.781137871559	317.229221126169	389.07397962931	252.672286706339	271.621933604595	420.35940132579	194.360511645743	283.293644365193	283.874370679625	272.962006165033	211.706308666074	358.082870231907	286.584451318529	229.684395808813	306.381970297726	404.718305011063	294.255466372654	477.627061374232	253.604049202201	457.044185480387	225.860910058192	268.002728750239	269.901718357699
2005.88262014426	451.135985004796	342.720673776901	216.691714161475	307.621824478115	280.349264708507	310.422724258021	294.768747000008	446.947560877231	355.488857766688	433.86127853367	352.772694512982	324.935932581998	291.459527245376	417.705230695943	364.0591431705	324.484305303949	370.52153870359	361.659428614637	311.212430048445	274.026759025744	347.776941375303	688.52835769773	345.557558275847	333.099992052638	264.691051919303	305.48537720945	408.454041710111	357.231489711236	391.785991636846	304.589413081126	315.552175392913	369.321274289999	268.070283167172	316.737965180405	340.377202358476	338.37820498541	304.520033422484	372.078354335599	294.378543728773	321.775534514593	685.888921080989	297.667674680688	373.463684561362	469.346241590085	245.211673246064	383.834340777696	265.705372122314	342.998235865218	334.65811077068	505.762837031236	258.280012001896	302.464739191668	290.933541479011	413.822378779039	358.055464188922	334.19632424315	329.478662630895	320.261584616297	282.383326264829	444.597504862045	355.51971381436	411.791905508763	263.187034504532	342.652162091789	248.235187685149	248.829414801137	455.087313643933	311.416531323651	393.697683390291	312.723769323844	262.301720310368	322.146889267505	245.514286470099	246.363194323038	258.550592664703	394.362403684353	311.481382399331	312.443790581975	363.914204216409	434.322881781941	309.015495557538	309.793240155178	423.841864532951	253.875099126437	300.099969896662	293.748102092867	317.355599823423	251.264139426993	411.142326813779	296.755033283793	257.699847203016	329.166919864048	410.301162532269	350.29696890022	494.158526490899	282.726241212391	474.091957546015	285.445940934274	276.615915202519	274.878429166984
2006.64551678689	473.809806272016	342.720673776901	216.691714161475	307.621824478115	303.299851338875	310.422724258021	320.656879877276	471.459217474784	373.884215626921	448.005996411589	388.664583067973	340.293365167658	332.68485470452	417.705230695943	364.0591431705	324.484305303949	370.52153870359	366.334804484734	311.212430048445	274.026759025744	355.601758980548	698.808639950673	349.222668969841	333.099992052638	296.60925675585	312.353597251582	408.454041710111	357.231489711236	405.650725925305	304.589413081126	315.552175392913	369.452838648331	328.172335497181	316.737965180405	355.350175048807	338.37820498541	315.273392291786	416.848926425742	294.378543728773	330.030108157591	685.888921080989	297.667674680688	381.590451302911	469.346241590085	251.53893455899	383.834340777696	279.654328949566	350.562074392322	334.65811077068	580.310165827129	271.150166402482	302.464739191668	295.805186885127	413.822378779039	358.055464188922	334.19632424315	329.478662630895	325.955555353862	294.853485104736	461.542911478452	355.51971381436	411.791905508763	263.187034504532	358.76302367847	264.913632204077	248.829414801137	455.087313643933	311.416531323651	393.697683390291	320.768030402298	288.834210519919	327.918658987219	297.836678138256	247.359479203809	293.678756016935	394.950577228437	314.547388614511	312.443790581975	363.914204216409	479.556725621615	309.015495557538	309.793240155178	433.841668994079	253.875099126437	304.797894174933	303.621841303129	361.721784100805	290.797214896887	411.142326813779	359.185013986055	257.699847203016	329.166919864048	415.883382254456	350.29696890022	508.165778483672	283.280643374643	492.985794295064	285.445940934274	306.577983089663	319.722722497392
2007.40841342951	496.493917234086	366.493690101958	270.852784922991	311.803384054571	326.260713326745	310.422724258021	359.093016108512	557.809814360235	392.285920317686	462.150826436906	412.012816140596	355.649802146634	364.981984280541	428.006124811456	364.0591431705	324.484305303949	374.243478365818	442.982949453315	350.981857432321	289.942680195608	379.0148096994	698.808639950673	351.74428213477	333.099992052638	303.809401733661	319.212026816279	408.454041710111	357.231489711236	419.519485119972	304.589413081126	315.552175392913	386.15266717712	425.846628900109	367.132228419957	379.542330945452	338.37820498541	325.034764278063	461.603223602054	294.378543728773	334.52750330494	685.888921080989	297.667674680688	388.395993175052	469.346241590085	262.219035184385	395.408591902537	307.328558602872	358.125141930462	334.65811077068	676.876632111691	274.316424848821	317.741193853832	300.676877538082	441.456309735317	358.055464188922	334.19632424315	363.006347228754	333.587270240482	353.312949324395	584.989061725224	440.647109101073	411.791905508763	264.474017971008	374.868623214071	334.9924679048	257.293966836904	463.625718564372	311.416531323651	393.915186527986	323.2503170238	368.335186853886	339.869095027424	310.973461202775	264.681028567009	319.584402634561	401.854204683583	364.629838104173	375.546266856122	386.939223165765	524.775224148786	326.489743669808	309.793240155178	445.240977444938	302.444073326374	312.067594767334	313.495587640537	406.060088068573	330.305169716665	411.142326813779	438.894527797953	263.049273679634	407.833225991465	426.797862009852	350.29696890022	512.888485852708	298.113805003181	511.876776979248	332.222203673805	359.888263988921	413.590050168371
2008.17131007213	554.781263210858	535.486440578629	412.538498828722	337.104261618463	349.231796360911	384.09547698051	479.100955170592	571.085972747723	460.320670935018	475.526830702005	486.25352785665	441.52644581296	525.375168339031	461.740996236025	364.0591431705	324.484305303949	418.736261956572	587.082614612734	401.986436982442	298.441767908826	398.543434045292	698.808639950673	493.267742563997	412.137783448099	414.88589293088	435.88658463066	408.454041710111	357.231489711236	463.010048786572	333.63584986214	334.149496408815	462.398122166163	513.244328586305	497.144774542834	408.350467807548	338.37820498541	411.890513195789	506.340946214807	388.654113318815	356.859194198764	685.888921080989	302.731221576059	398.111165083088	470.821566789746	277.684189932806	489.828401058735	472.397599644719	557.067074502934	366.22037374274	687.70730032057	429.708569693093	365.434133560908	364.011216378898	441.456309735317	374.71316160361	334.19632424315	421.866437861774	351.376041252986	510.650548232479	690.455498067661	477.026971111863	411.791905508763	424.896167015095	566.080102498463	487.547565360241	368.744536924456	475.473461632848	316.547896247204	399.569677806347	460.515206296329	447.741097847342	351.106340004172	333.843884668401	430.096219055173	336.521411266733	410.266994258649	466.590404635917	489.116531310948	402.006849753516	569.978090014105	376.220493181037	410.742325726965	456.641250382618	412.884582141943	444.18199067446	373.331896511894	450.370039793268	369.78763773087	411.142326813779	518.521305460996	409.239565401637	568.847767858511	431.134048255391	350.977649972722	518.516495107224	362.26682333625	530.764896429476	429.565245195059	488.717596555646	519.012795314167
2008.93420671475	554.781263210858	535.486440578629	540.2892491088	337.104261618463	363.809201389991	384.09547698051	479.100955170592	572.935035626278	460.320670935018	502.114336260739	486.25352785665	441.52644581296	525.375168339031	482.717217329365	365.221961907915	337.856928175572	418.736261956572	587.082614612734	401.986436982442	317.152404559358	419.263666776765	711.843754201051	493.267742563997	501.793836303698	414.88589293088	435.88658463066	408.454041710111	365.430318672363	480.097666346658	335.996146533173	334.149496408815	462.398122166163	572.745598592604	497.144774542834	408.350467807548	338.37820498541	411.890513195789	506.340946214807	388.654113318815	356.859194198764	685.888921080989	315.467005518547	407.826203867401	527.62397127809	294.484054217631	489.828401058735	472.397599644719	557.067074502934	366.22037374274	705.622326362993	429.708569693093	365.434133560908	364.011216378898	441.456309735317	374.71316160361	339.869840148238	421.866437861774	364.64434254631	510.650548232479	690.455498067661	513.429644892847	411.791905508763	424.896167015095	566.080102498463	487.547565360241	368.744536924456	487.321155089866	329.510292485837	410.851322598611	460.515206296329	447.741097847342	362.343450950923	333.843884668401	430.096219055173	349.439093269276	442.526504869021	466.590404635917	489.116531310948	445.439704917645	569.978090014105	376.220493181037	574.144188439608	457.739034736761	412.884582141943	444.18199067446	373.331896511894	450.370039793268	369.78763773087	411.142326813779	518.521305460996	409.239565401637	568.847767858511	488.716952017067	376.280327517977	522.589642878986	362.26682333625	552.795563957952	500.039710623738	488.717596555646	519.012795314167
2009.69710335738	554.781263210858	535.486440578629	606.650135852257	337.104261618463	363.809201389991	384.09547698051	479.100955170592	572.935035626278	460.320670935018	529.365710639552	486.25352785665	441.52644581296	525.375168339031	492.916907732933	378.960596247206	337.856928175572	418.736261956572	587.082614612734	401.986436982442	318.365866592574	435.975166035867	711.843754201051	493.267742563997	570.212315541168	414.88589293088	435.88658463066	423.123195519079	365.430318672363	480.097666346658	341.442669435191	334.149496408815	462.398122166163	632.295409135347	497.144774542834	408.350467807548	360.762661866766	411.890513195789	506.340946214807	388.654113318815	375.082647804786	685.888921080989	330.409367280942	407.826203867401	527.62397127809	294.484054217631	489.828401058735	472.397599644719	557.067074502934	366.22037374274	705.622326362993	429.708569693093	365.434133560908	364.011216378898	443.828986397978	374.71316160361	363.665544751438	421.866437861774	376.176169609197	510.650548232479	690.455498067661	549.85483457235	411.791905508763	424.896167015095	566.080102498463	487.547565360241	368.744536924456	487.321155089866	329.510292485837	410.851322598611	460.515206296329	447.741097847342	362.343450950923	333.843884668401	430.096219055173	381.868263818326	442.526504869021	466.590404635917	489.116531310948	454.274649269287	569.978090014105	383.56784767609	631.976897067766	475.247173003519	412.884582141943	444.18199067446	373.331896511894	450.370039793268	369.78763773087	411.142326813779	518.521305460996	409.239565401637	568.847767858511	488.716952017067	396.909029418249	527.44010127266	362.26682333625	563.784004922901	567.217904418331	488.717596555646	519.012795314167
2010.46	554.781263210858	535.486440578629	606.650135852257	337.104261618463	363.809201389991	384.09547698051	479.100955170592	572.935035626278	460.320670935018	529.365710639552	486.25352785665	441.52644581296	525.375168339031	492.916907732933	378.960596247206	337.856928175572	418.736261956572	587.082614612734	401.986436982442	318.365866592574	435.975166035867	711.843754201051	493.267742563997	570.212315541168	414.88589293088	435.88658463066	423.123195519079	365.430318672363	480.097666346658	341.442669435191	334.149496408815	462.398122166163	632.295409135347	497.144774542834	408.350467807548	360.762661866766	411.890513195789	506.340946214807	388.654113318815	375.082647804786	685.888921080989	330.409367280942	407.826203867401	527.62397127809	294.484054217631	489.828401058735	472.397599644719	557.067074502934	366.22037374274	705.622326362993	429.708569693093	365.434133560908	364.011216378898	443.828986397978	374.71316160361	363.665544751438	421.866437861774	376.176169609197	510.650548232479	690.455498067661	549.85483457235	411.791905508763	424.896167015095	566.080102498463	487.547565360241	368.744536924456	487.321155089866	329.510292485837	410.851322598611	460.515206296329	447.741097847342	362.343450950923	333.843884668401	430.096219055173	381.868263818326	442.526504869021	466.590404635917	489.116531310948	454.274649269287	569.978090014105	383.56784767609	631.976897067766	475.247173003519	412.884582141943	444.18199067446	373.331896511894	450.370039793268	369.78763773087	411.142326813779	518.521305460996	409.239565401637	568.847767858511	488.716952017067	396.909029418249	527.44010127266	362.26682333625	563.784004922901	567.217904418331	488.717596555646	519.012795314167
