time	velocity	number_of_branches
1997.55878352637	633.661212385264	0.76
1997.65446631571	711.170902554256	1.22
1997.75014910505	964.088870148192	2.24
1997.8458318944	777.574257947118	3.4
1997.94151468374	820.751987365108	4.32
1998.03719747308	914.38046516805	5.38
1998.13288026242	915.161754707769	5.96
1998.22856305176	853.340698819923	6.38
1998.3242458411	863.281509575105	6.56
1998.41992863044	813.399144691679	6.76
1998.51561141979	795.648172724164	6.65
1998.61129420913	777.054494832267	6.61
1998.70697699847	732.443748893825	6.41
1998.80265978781	610.875558549883	5.43
1998.89834257715	569.686039170207	4.98
1998.99402536649	493.588347412769	4.38
1999.08970815583	439.920444886672	3.97
1999.18539094518	429.287723646736	3.77
1999.28107373452	402.777338431325	5.52
1999.37675652386	477.180536749681	7.49
1999.4724393132	545.320001460977	9.85
1999.56812210254	722.414004623789	13.83
1999.66380489188	837.381341957408	17.33
1999.75948768123	910.068424774218	19.64
1999.85517047057	927.472817953888	21.59
1999.95085325991	940.547307792768	23.06
2000.04653604925	980.774110991708	25.26
2000.14221883859	1080.32195005627	30.33
2000.23790162793	1477.66589959223	41.53
2000.33358441727	1648.43628509558	66.4
2000.42926720662	1601.62260696886	75.02
2000.52494999596	1568.00738095146	79.43
2000.6206327853	1507.55403092054	86.8
2000.71631557464	1463.68759496435	88.19
2000.81199836398	1456.77326768447	86.84
2000.90768115332	1460.90082427198	85.46
2001.00336394266	1456.95623608441	84.38
2001.09904673201	1455.69460228084	81.64
2001.19472952135	1434.76301195801	77.1
2001.29041231069	1072.53685544012	58.53
2001.38609510003	1004.77338294972	51.57
2001.48177788937	1026.75360947336	49.06
2001.57746067871	1099.66279875123	46.23
2001.67314346806	1149.95097438303	38.37
2001.7688262574	1162.26640030786	36.2
2001.86450904674	1167.88211527586	35.76
2001.96019183608	1176.04111045481	35.96
2002.05587462542	1181.47863857978	36.13
2002.15155741476	1106.40964243527	40.16
2002.2472402041	1238.67798347616	47.52
2002.34292299345	1179.72122598824	49.46
2002.43860578279	1076.83212198105	44.19
2002.53428857213	1105.7060488671	41.29
2002.62997136147	1077.50500333783	39.3
2002.72565415081	1081.53853266862	38.74
2002.82133694015	1079.11399077711	38.89
2002.91701972949	1080.19901650381	38.8
2003.01270251884	1102.41126902086	39.36
2003.10838530818	1103.2106191127	40.91
2003.20406809752	1187.28401387463	37.08
2003.29975088686	1436.83349073898	25.3
2003.3954336762	1394.5284164987	26.39
2003.49111646554	1320.65474024844	28.36
2003.58679925489	389.151282021943	26.78
2003.68248204423	385.905040271466	27.32
2003.77816483357	383.095646207579	27.28
2003.87384762291	380.113003657529	28.21
2003.96953041225	381.710518532548	28.48
2004.06521320159	328.429803170169	27.85
2004.16089599093	316.606908144014	24.77
2004.25657878028	335.230018510843	22.38
2004.35226156962	359.555814260641	19.05
2004.44794435896	371.822475258586	17.25
2004.5436271483	301.995028274558	12.5
2004.63930993764	270.876587543585	15.82
2004.73499272698	257.975713443476	17.12
2004.83067551632	254.712906125333	16.97
2004.92635830567	252.589961729272	17.21
2005.02204109501	197.347421506459	17.48
2005.11772388435	150.617335379815	14.66
2005.21340667369	146.471487332669	15.87
2005.30908946303	142.093855178773	17.44
2005.40477225237	141.761397085136	18.55
2005.50045504172	140.351335913358	18.19
2005.59613783106	135.033069098001	15.24
2005.6918206204	131.352793817845	14.04
2005.78750340974	122.213631522643	12.39
2005.88318619908	120.300694248691	12.3
2005.97886898842	120.825398659395	12.57
2006.07455177776	117.012635637942	12.65
2006.17023456711	162.947473273908	15.67
2006.26591735645	190.849202768052	12.39
2006.36160014579	206.635630119088	11.4
2006.45728293513	219.176824127841	11.2
2006.55296572447	237.485701332495	11.55
2006.64864851381	269.12544236266	11.98
2006.74433130315	278.830920582978	12.55
2006.8400140925	319.54792378783	14.31
2006.93569688184	354.413908160076	15.88
2007.03137967118	333.488638717813	18.76
2007.12706246052	336.34645477834	17.68
2007.22274524986	330.422651841152	15.88
2007.3184280392	319.523650191433	16.96
2007.41411082855	313.27101948987	17.15
2007.50979361789	304.446469054738	16.63
2007.60547640723	273.267549918543	15.89
2007.70115919657	261.506275347823	14.83
2007.79684198591	257.269096718212	13.63
2007.89252477525	212.752813396078	11.86
2007.98820756459	183.726611872521	9.43
2008.08389035394	201.501839318489	5.89
2008.17957314328	154.99819622142	4.6
2008.27525593262	181.17226971627	4.28
2008.37093872196	193.89750981958	3.79
2008.4666215113	194.203006158043	3.78
2008.56230430064	199.754186711964	3.57
2008.65798708998	328.771861743716	4.03
2008.75366987933	364.568164994651	6.47
2008.84935266867	453.623023026659	7.94
2008.94503545801	452.162159249893	8.96
2009.04071824735	560.191340983428	10
2009.13640103669	536.039749353906	11.47
2009.23208382603	527.156285798636	14.54
2009.32776661538	713.066464230091	14.81
2009.42344940472	689.697450310763	17.57
2009.51913219406	681.867376992684	18.43
2009.6148149834	665.672533855848	19.13
2009.71049777274	616.160891182665	17.82
2009.80618056208	563.439870394193	17.53
2009.90186335142	544.611109164016	16.83
2009.99754614077	485.468134626122	16.8
2010.09322893011	433.840597930659	18.98
2010.18891171945	519.887256876273	16.19
2010.28459450879	424.037154652035	17.55
2010.38027729813	325.929236242057	14.69
2010.47596008747	310.221300231761	13.55
2010.57164287681	300.654492196969	12.95
2010.66732566616	287.491747607891	13.01
2010.7630084555	284.761470603341	12.84
2010.85869124484	271.107526579348	12.61
2010.95437403418	272.350520702627	12.41
2011.05005682352	262.60434957593	12.95
2011.14573961286	231.107585256786	13.43
2011.24142240221	179.848202831977	10.94
2011.33710519155	180.625663494387	10.46
2011.43278798089	186.165057799104	10.11
2011.52847077023	186.18385700659	9.96
2011.62415355957	188.254739098375	9.12
2011.71983634891	188.07583687269	8.51
2011.81551913825	180.239622304312	7.85
2011.9112019276	174.618115574507	7.37
2012.00688471694	192.891823433642	10.94
2012.10256750628	192.5302255814	8.78
2012.19825029562	204.444278618999	7.66
2012.29393308496	210.712813212054	6.49
2012.3896158743	208.314714664171	6.39
2012.48529866364	203.72020463271	6.22
2012.58098145299	202.114266636876	6.18
2012.67666424233	203.350190082308	6.06
2012.77234703167	203.263039661249	6.06
2012.86802982101	203.17531825484	6.06
2012.96371261035	203.437388464451	6
2013.05939539969	75.6264755158147	3
2013.15507818904	82.0886592766385	5
2013.25076097838	103.306010704172	6
2013.34644376772	104.331039953324	8
2013.44212655706	104.336120815462	8
2013.5378093464	104.341134272544	8
2013.63349213574	104.346080340563	8
2013.72917492508	104.350959035214	8
2013.82485771443	104.355770371093	8
2013.92054050377	104.360514363266	8
2014.01622329311	111.977323928609	7
2014.11190608245	119.108979326826	6
2014.20758887179	106.782401050913	3
2014.30327166113	NA	0
2014.39895445047	NA	0
2014.49463723982	NA	0
2014.59032002916	NA	0
2014.6860028185	NA	0
2014.78168560784	NA	0
2014.87736839718	NA	0
2014.97305118652	NA	0
2015.06873397587	NA	0
2015.16441676521	53.0489014764873	1
2015.26009955455	53.0430227685286	1
2015.35578234389	53.0371349689615	1
2015.45146513323	53.0312380719651	1
2015.54714792257	53.0253320713954	1
2015.64283071191	53.0194169608104	1
2015.73851350126	53.013492734103	1
2015.8341962906	53.007559385245	1
2015.92987907994	53.0016169070741	1
2016.02556186928	52.9956652832472	1
2016.12124465862	NA	0
2016.21692744796	154.262091836032	1
2016.3126102373	154.206453385535	1
2016.40829302665	154.150698347606	1
2016.50397581599	154.094826618168	1
2016.59965860533	154.038838093176	1
