time	distance
1997.32098142345	0
1997.41761401633	1.41846930688119
1997.51424660922	1.59280583141429
1997.6108792021	1.7553376122373
1997.70751179498	2.66257663081691
1997.80414438786	7.08791623137542
1997.90077698075	8.8555148794238
1997.99740957363	10.5593327708813
1998.09404216651	19.5576220646184
1998.19067475939	25.2601880369248
1998.28730735228	41.8646567040596
1998.38393994516	62.7423297240321
1998.48057253804	85.4815943450645
1998.57720513093	101.787598607659
1998.67383772381	119.72796736616
1998.77047031669	133.723751772039
1998.86710290957	149.375263921934
1998.96373550246	170.982131345164
1999.06036809534	188.305067159984
1999.15700068822	209.691833803103
1999.2536332811	237.81219604919
1999.35026587399	266.149327362748
1999.44689846687	303.014076932463
1999.54353105975	343.966935930889
1999.64016365264	389.554229678739
1999.73679624552	434.855240701243
1999.8334288384	481.440152971091
1999.93006143128	530.664035633584
2000.02669402417	580.754246247503
2000.12332661705	630.879025693045
2000.21995920993	682.720258006804
2000.31659180282	735.527330108048
2000.4132243957	789.120556364268
2000.50985698858	844.179698499471
2000.60648958146	906.374105936544
2000.70312217435	972.506329893966
2000.79975476723	1043.14801220399
2000.89638736011	1150.32529480174
2000.99301995299	1266.53455247523
2001.08965254588	1441.25678597949
2001.18628513876	1593.40912588903
2001.28291773164	1771.90578056926
2001.37955032453	2017.32989888649
2001.47618291741	2353.99141722651
2001.57281551029	2745.689608924
2001.66944810317	3080.52035239497
2001.76608069606	3118.03829124905
2001.86271328894	3244.12988832095
2001.95934588182	3502.98580208542
2002.0559784747	3789.64997318391
2002.15261106759	4135.73963063663
2002.24924366047	4519.60806514824
2002.34587625335	4934.33469794284
2002.44250884624	5367.51513560354
2002.53914143912	5816.85472525135
2002.635774032	6274.38403463696
2002.73240662488	6756.64577742577
2002.82903921777	7240.40533405477
2002.92567181065	7723.69453629198
2003.02230440353	7723.69453629198
2003.11893699641	7723.69453629198
2003.2155695893	7723.69453629198
2003.31220218218	7723.69453629198
2003.40883477506	7723.69453629198
2003.50546736795	7723.69453629198
2003.60209996083	7723.69453629198
2003.69873255371	7723.69453629198
2003.79536514659	7723.69453629198
2003.89199773948	7723.69453629198
2003.98863033236	7723.69453629198
2004.08526292524	7723.69453629198
2004.18189551813	7723.69453629198
2004.27852811101	7723.69453629198
2004.37516070389	7723.69453629198
2004.47179329677	7723.69453629198
2004.56842588966	7723.69453629198
2004.66505848254	7723.69453629198
2004.76169107542	7723.69453629198
2004.8583236683	7723.69453629198
2004.95495626119	7723.69453629198
2005.05158885407	7723.69453629198
2005.14822144695	7723.69453629198
2005.24485403984	7723.69453629198
2005.34148663272	7723.69453629198
2005.4381192256	7723.69453629198
2005.53475181848	7723.69453629198
2005.63138441137	7723.69453629198
2005.72801700425	7723.69453629198
2005.82464959713	7723.69453629198
2005.92128219001	7723.69453629198
2006.0179147829	7723.69453629198
2006.11454737578	7723.69453629198
2006.21117996866	7723.69453629198
2006.30781256155	7723.69453629198
2006.40444515443	7723.69453629198
2006.50107774731	7723.69453629198
2006.59771034019	7723.69453629198
2006.69434293308	7723.69453629198
2006.79097552596	7723.69453629198
2006.88760811884	7723.69453629198
2006.98424071172	7723.69453629198
2007.08087330461	7723.69453629198
2007.17750589749	7723.69453629198
2007.27413849037	7723.69453629198
2007.37077108326	7723.69453629198
2007.46740367614	7723.69453629198
2007.56403626902	7723.69453629198
2007.6606688619	7723.69453629198
2007.75730145479	7724.75972497556
2007.85393404767	7727.27845584718
2007.95056664055	7730.67870905219
2008.04719923344	7735.04501903231
2008.14383182632	7740.75742503502
2008.2404644192	7748.79419014103
2008.33709701208	7760.55890008086
2008.43372960497	7778.14106389104
2008.53036219785	7796.61276008732
2008.62699479073	7827.82462410817
2008.72362738361	7867.06816257509
2008.8202599765	7913.4800146198
2008.91689256938	7958.21452382646
2009.01352516226	8006.34889437766
2009.11015775515	8065.14115193721
2009.20679034803	8118.4621684042
2009.30342294091	8160.6728417417
2009.40005553379	8190.41391846091
2009.49668812668	8202.64942262486
2009.59332071956	8204.4636220405
2009.68995331244	8204.4636220405
2009.78658590532	8204.4636220405
2009.88321849821	8204.4636220405
2009.97985109109	8206.42209862169
2010.07648368397	8207.91114595509
2010.17311627686	8207.91114595509
2010.26974886974	8207.91114595509
2010.36638146262	8207.91114595509
2010.4630140555	8207.91114595509
2010.55964664839	8208.77555742175
2010.65627924127	8213.04484066968
2010.75291183415	8217.95979727276
2010.84954442703	8234.45142121916
2010.94617701992	8277.50394931651
2011.0428096128	8352.15399148803
2011.13944220568	8491.82640970905
2011.23607479857	8738.79305686247
2011.33270739145	9048.29786525104
2011.42933998433	9410.46566965133
2011.52597257721	9819.315357639
2011.6226051701	10273.7851919345
2011.71923776298	10839.2680547854
2011.81587035586	11474.5194730424
2011.91250294875	12150.8059107736
2012.00913554163	12810.3361417832
2012.10576813451	13444.4351766775
2012.20240072739	14044.3684960254
2012.29903332028	14598.2414705376
2012.39566591316	15089.7925965554
2012.49229850604	15089.7925965554
2012.58893109892	15089.7925965554
2012.68556369181	15089.7925965554
2012.78219628469	15089.7925965554
2012.87882887757	15089.7925965554
2012.97546147046	15089.7925965554
2013.07209406334	15089.7925965554
2013.16872665622	15089.7925965554
2013.2653592491	15089.7925965554
2013.36199184199	15089.7925965554
2013.45862443487	15089.7925965554
2013.55525702775	15089.7925965554
2013.65188962063	15089.7925965554
2013.74852221352	15089.7925965554
2013.8451548064	15089.7925965554
2013.94178739928	15089.7925965554
2014.03841999217	15089.7925965554
2014.13505258505	15089.7925965554
2014.23168517793	15089.7925965554
2014.32831777081	15089.7925965554
2014.4249503637	15089.7925965554
2014.52158295658	15089.7925965554
2014.61821554946	15089.7925965554
2014.71484814235	15089.7925965554
2014.81148073523	15089.7925965554
2014.90811332811	15089.7925965554
2015.00474592099	15089.7925965554
2015.10137851388	15089.7925965554
2015.19801110676	15089.7925965554
2015.29464369964	15089.7925965554
2015.39127629252	15089.7925965554
2015.48790888541	15089.7925965554
2015.58454147829	15089.7925965554
2015.68117407117	15089.7925965554
2015.77780666406	15089.7925965554
2015.87443925694	15089.7925965554
2015.97107184982	15089.7925965554
2016.0677044427	15089.7925965554
2016.16433703559	15089.7925965554
2016.26096962847	15089.7925965554
2016.35760222135	15089.7925965554
2016.45423481423	15089.7925965554
2016.55086740712	15089.7925965554
2016.6475	15089.7925965554
