time	velocity	number_of_branches
1997.36929772006	252.863382085487	0.9
1997.46593031294	214.850201949317	1.28
1997.56256290582	321.16114733173	3.18
1997.65919549871	252.05814930853	4.94
1997.75582809159	298.072048196752	6.86
1997.85246068447	271.958333912797	11.32
1997.94909327735	283.396452600915	16.93
1998.04572587023	286.940023590689	21.58
1998.14235846312	236.141779986936	25.64
1998.238991056	203.256445590361	28.28
1998.33562364888	180.243413595821	29.81
1998.43225624176	168.204896976904	30.63
1998.52888883464	158.483624724282	31.36
1998.62552142753	147.820149440643	30.99
1998.72215402041	141.996848147742	31.31
1998.81878661329	136.957753598158	30.26
1998.91541920617	131.119311263518	27.41
1999.01205179905	132.092389850505	24.73
1999.10868439194	128.556307401444	21.6
1999.20531698482	161.059344089482	22.02
1999.3019495777	155.714624506448	25.86
1999.39858217058	165.718597018047	30.26
1999.49521476346	178.665702744126	35.21
1999.59184735634	182.161707487985	41.37
1999.68847994923	199.509443156622	47.32
1999.78511254211	214.737835212169	51.14
1999.88174513499	233.86977546475	53.19
1999.97837772787	252.21595177736	55.7
2000.07501032075	261.307538110845	61.42
2000.17164291364	295.947923299266	73.58
2000.26827550652	347.759964283013	114.44
2000.3649080994	422.261315061547	186.88
2000.46154069228	452.970009223623	235.51
2000.55817328516	467.797395767739	283.48
2000.65480587805	469.148303611553	356.6
2000.75143847093	447.47353597235	378.85
2000.84807106381	428.52323405748	382.64
2000.94470365669	415.081535951188	382.54
2001.04133624957	404.16547850531	381.85
2001.13796884246	393.558750302898	377.61
2001.23460143534	380.376855636179	361
2001.33123402822	376.486448656526	319.49
2001.4278666211	370.360067171297	304.88
2001.52449921398	386.826034942076	293.14
2001.62113180686	435.34263729099	235.23
2001.71776439975	478.533728058684	202.47
2001.81439699263	491.851915777645	195.94
2001.91102958551	493.722794652769	194.68
2002.00766217839	495.991503074802	194.42
2002.10429477127	479.174751518208	196.9
2002.20092736416	435.822434159748	212.11
2002.29755995704	461.917137386385	273.6
2002.39419254992	555.815069081186	268.11
2002.4908251428	687.243760332443	239.65
2002.58745773568	846.450599079647	221.37
2002.68409032857	867.290800021472	211.27
2002.78072292145	867.483486596721	207.01
2002.87735551433	851.735783274318	206.67
2002.97398810721	833.13509057901	206.15
2003.07062070009	830.232213113762	208.58
2003.16725329298	694.658140709073	207.25
2003.26388588586	626.233010130491	160.6
2003.36051847874	588.180617505362	129.8
2003.45715107162	374.771673176396	134.17
2003.5537836645	298.271365588031	121.42
2003.65041625738	289.248124348884	123.79
2003.74704885027	272.693207209111	126.6
2003.84368144315	260.600330065038	127.22
2003.94031403603	239.356195203834	128.97
2004.03694662891	214.141214379853	127.55
2004.13357922179	212.576262763829	116.15
2004.23021181468	192.222153473882	106.38
2004.32684440756	200.311832128182	91.81
2004.42347700044	194.758999151923	86.25
2004.52010959332	247.590562602781	83.98
2004.6167421862	237.762380792941	107.07
2004.71337477909	230.850551410036	125.77
2004.81000737197	226.562675402051	135.15
2004.90663996485	226.51393508135	135.7
2005.00327255773	218.41064246918	135.04
2005.09990515061	200.432889989761	127.95
2005.1965377435	195.606910387966	127.06
2005.29317033638	189.764654906007	124.95
2005.38980292926	191.832098775516	126.54
2005.48643552214	198.136005634437	123.22
2005.58306811502	189.154258145317	106.66
2005.6797007079	174.779556338046	91.16
2005.77633330079	171.248405988504	83.15
2005.87296589367	180.418696782516	81.35
2005.96959848655	191.202313963405	80.16
2006.06623107943	208.903994753454	75.33
2006.16286367231	311.415195881325	82.75
2006.2594962652	285.594773862114	73.01
2006.35612885808	297.775876824356	68.03
2006.45276145096	322.086328535283	67.26
2006.54939404384	394.497947105311	70.14
2006.64602663672	410.725084438037	69.58
2006.74265922961	438.15168851924	68.24
2006.83929182249	443.451860572098	73.78
2006.93592441537	423.60793411768	82.94
2007.03255700825	392.70284016427	89.73
2007.12918960113	291.505286435885	89.75
2007.22582219401	245.760152951522	79.45
2007.3224547869	231.110861658656	84.23
2007.41908737978	218.993022873355	89.38
2007.51571997266	199.16074966456	89.46
2007.61235256554	208.701481775929	89.5
2007.70898515842	216.351338918369	88.46
2007.80561775131	228.166475819348	85.39
2007.90225034419	234.591711001232	78.52
2007.99888293707	250.53921274016	70.19
2008.09551552995	232.272793763451	62.4
2008.19214812283	222.157139753807	47.79
2008.28878071572	226.559351784019	40.07
2008.3854133086	222.898398286653	34.27
2008.48204590148	203.982144379344	31.35
2008.57867849436	206.41134246106	27.33
2008.67531108724	197.972799566453	27.41
2008.77194368013	201.008798429169	31.38
2008.86857627301	191.076100761667	33.78
2008.96520886589	177.005182478207	40.45
2009.06184145877	169.92592065039	40.89
2009.15847405165	157.47560359614	42.62
2009.25510664453	130.292553249144	48.73
2009.35173923742	135.449069848389	54.01
2009.4483718303	142.176039938075	59.39
2009.54500442318	149.977774258586	64.71
2009.64163701606	155.657759685019	67.7
2009.73826960894	163.745677479938	67.69
2009.83490220183	171.190165802801	68.99
2009.93153479471	176.046101272163	67.97
2010.02816738759	180.789396080318	69.33
2010.12479998047	240.651145651151	74.79
2010.22143257335	222.787988976045	71.05
2010.31806516624	214.836228561443	73.34
2010.41469775912	215.253990354604	72.23
2010.511330352	215.333809451895	71.85
2010.60796294488	191.82634883807	83.74
2010.70459553776	190.117752181436	89.87
2010.80122813065	190.514110003575	89.72
2010.89786072353	189.90469223687	87.85
2010.99449331641	185.425980741056	86.36
2011.09112590929	183.962545573824	83.37
2011.18775850217	168.125013457757	75.99
2011.28439109505	162.036185884956	67.34
2011.38102368794	162.163952957225	63.6
2011.47765628082	160.216619064683	59.77
2011.5742888737	155.749460248278	45.77
2011.67092146658	140.579841338198	34.19
2011.76755405946	136.934189536653	28.91
2011.86418665235	146.934442361079	26.04
2011.96081924523	291.729241025913	27.93
2012.05745183811	312.919333945747	33.16
2012.15408443099	272.845828026649	37.67
2012.25071702387	230.776694858974	41.53
2012.34734961676	229.925613688114	38.69
2012.44398220964	229.314149050656	37.74
2012.54061480252	227.238331555059	37.07
2012.6372473954	223.461309458096	36.86
2012.73387998828	217.607289364935	36.55
2012.83051258117	206.233412680283	36.36
2012.92714517405	180.669620123843	34.12
2013.02377776693	114.80549950185	25
2013.12041035981	62.3542923625296	21
2013.21704295269	112.019311148234	15
2013.31367554557	105.314478434561	17
2013.41030813846	105.846243696995	17
2013.50694073134	106.540760711057	17
2013.60357332422	107.48669454915	17
2013.7002059171	108.85133422563	17
2013.79683850998	110.992565847537	17
2013.89347110287	114.838421209798	17
2013.99010369575	106.726401525598	19
2014.08673628863	87.8627046640172	14
2014.18336888151	62.6028482960235	11
2014.28000147439	50.6696047156577	6
2014.37663406728	50.327292583585	6
2014.47326666016	49.8741933268193	6
2014.56989925304	49.2456654792857	6
2014.66653184592	48.3146265108737	6
2014.7631644388	46.7921546992464	6
2014.85979703169	43.8495293386593	6
2014.95642962457	63.830174732503	5
2015.05306221745	69.1046776701541	4
2015.14969481033	43.3418649763615	6
2015.24632740321	43.6596839660101	3
2015.34295999609	43.3071758435408	3
2015.43959258898	42.8442722040456	3
2015.53622518186	42.2083265670893	3
2015.63285777474	41.2782274763488	3
2015.72949036762	39.7854401093654	3
2015.8261229605	36.9915700344275	3
2015.92275555339	29.861658857577	3
2016.01938814627	28.3066317660641	2
2016.11602073915	NA	0
2016.21265333203	166.764085743059	1
2016.30928592491	166.692652797546	1
2016.4059185178	166.621060706114	1
2016.50255111068	166.549309329811	1
2016.59918370356	166.477398529657	1
