time	95%HPD_lower_value	95%HPD_higher_value
1997.36929771999	117.351482313253	1253.66522774538
1997.46593031287	117.349386258614	1247.07012480328
1997.56256290576	117.347281973593	1240.28467292933
1997.65919549864	110.050895951863	1233.30484336295
1997.75582809152	74.0052995051831	1438.22324177264
1997.8524606844	73.990255435176	909.795366719256
1997.94909327728	89.134914693172	1111.39367549781
1998.04572587017	86.1566715234641	818.37607704136
1998.14235846305	83.9225916279553	657.675384192875
1998.23899105593	82.1837890644007	517.000669013532
1998.33562364881	88.7499073247008	500.294493500739
1998.4322562417	84.3938393611329	396.001326783486
1998.52888883458	87.3161464503652	399.007134283543
1998.62552142746	90.8204436737551	443.470522925571
1998.72215402034	102.773494662111	428.100970714641
1998.81878661322	32.6412134490413	382.92080819945
1998.91541920611	83.5361208399469	478.7207421138
1999.01205179899	36.5367788245465	463.629465361659
1999.10868439187	36.5392445228729	602.44704782906
1999.20531698475	144.695666234602	657.35013310366
1999.30194957764	111.234611508145	625.754381595611
1999.39858217052	133.21454134591	549.832157741561
1999.4952147634	198.490522372867	506.281467043708
1999.59184735628	209.045172470346	498.412323767522
1999.68847994916	203.848618345272	516.240981938248
1999.78511254205	191.083935776404	483.837900785664
1999.88174513493	185.2119924729	473.073645221596
1999.97837772781	181.320518084538	437.476468377932
2000.07501032069	174.682849112015	427.464087914408
2000.17164291358	167.052042826407	432.487493834749
2000.26827550646	188.549399585078	407.770792165889
2000.36490809934	220.997536146219	406.899889172044
2000.46154069222	238.260955597048	393.967120023308
2000.55817328511	268.636267980208	401.008948664092
2000.65480587799	288.317194370439	398.437432602633
2000.75143847087	295.376531351353	386.333210303262
2000.84807106375	301.006552431712	393.826592471886
2000.94470365663	314.370548762529	391.285444380868
2001.04133624952	317.11819407165	387.756121259204
2001.1379688424	321.883462755119	384.794024508439
2001.23460143528	324.81333418951	384.639004866268
2001.33123402816	326.355741983088	390.003067818224
2001.42786662105	326.787485302473	414.026025986156
2001.52449921393	307.383223240225	452.397674190359
2001.62113180681	335.581915399332	457.720106949627
2001.71776439969	351.672938998236	512.996328367262
2001.81439699257	355.46666038511	487.015935110233
2001.91102958546	350.215362454383	501.217526185825
2002.00766217834	329.453735685724	463.590102063801
2002.10429477122	302.840490686652	426.331080516329
2002.2009273641	291.272479806476	400.928089605145
2002.29755995699	267.642465132866	389.956611359529
2002.39419254987	290.794071727151	395.026821319327
2002.49082514275	288.34166433226	432.176565177334
2002.58745773563	411.047589308983	531.459444069322
2002.68409032851	385.02606901882	520.698733281188
2002.7807229214	362.63066957253	518.536036243743
2002.87735551428	337.140879511151	503.324851903818
2002.97398810716	306.033401879133	494.576811963333
2003.07062070004	301.611752308103	498.232847542714
2003.16725329293	284.108700545197	444.494853641708
2003.26388588581	266.530291247616	422.478798716806
2003.36051847869	288.787464280465	423.884776344983
2003.45715107157	231.128334233998	342.151387472195
2003.55378366446	287.156622359902	371.021360036897
2003.65041625734	271.027159323229	352.888799009768
2003.74704885022	272.468255947674	358.367957057869
2003.8436814431	256.106584053929	336.268598460233
2003.94031403598	227.015926625119	297.761856906874
2004.03694662887	204.955345446921	275.968574870702
2004.13357922175	166.875260082355	240.962238982349
2004.23021181463	134.784702863492	203.726121946338
2004.32684440751	135.294072233281	206.558445788906
2004.4234770004	127.399386055112	201.769554627937
2004.52010959328	128.62855740846	201.908618207579
2004.61674218616	125.909297665871	202.377409674659
2004.71337477904	121.40899285149	197.453919519912
2004.81000737192	117.640417833182	198.103455751876
2004.90663996481	119.667491632547	200.504799558396
2005.00327255769	131.688775402421	213.103696069634
2005.09990515057	123.550950263738	194.340084366825
2005.19653774345	151.875600686324	212.386515336822
2005.29317033634	143.535906333784	198.572508845321
2005.38980292922	148.060360957871	205.658140788651
2005.4864355221	146.368217343999	212.541421573469
2005.58306811498	188.398926102066	257.349061673933
2005.67970070786	182.084522942446	281.97363230039
2005.77633330075	191.089329612188	288.034292513532
2005.87296589363	180.173548921689	295.637429790088
2005.96959848651	187.751005240436	319.870986301678
2006.06623107939	163.647320706831	327.021392836464
2006.16286367228	167.276535899055	291.359548659457
2006.25949626516	159.913244541833	276.448181184791
2006.35612885804	164.052639348487	310.874743153065
2006.45276145092	157.981099202331	349.2382604861
2006.5493940438	232.635780251223	401.30194462646
2006.64602663669	223.526667393118	420.958805224032
2006.74265922957	237.661968599229	465.696330986378
2006.83929182245	217.730700022202	504.578164717745
2006.93592441533	205.17565127526	458.02759529835
2007.03255700822	215.330127413022	419.37749189181
2007.1291896011	204.325971367595	354.533903841957
2007.22582219398	155.071516139207	298.287579966022
2007.32245478686	150.195741428145	307.86254825994
2007.41908737974	151.646544351703	326.740804673952
2007.51571997263	158.732324885336	324.762859522992
2007.61235256551	176.5214490094	360.320590064311
2007.70898515839	210.65938843966	406.59259479362
2007.80561775127	238.163844395682	481.947610912946
2007.90225034416	231.549704788561	539.726060102898
2007.99888293704	256.076660332932	624.966918597812
2008.09551552992	281.61276286863	680.332989613837
2008.1921481228	327.021725451259	738.259137480422
2008.28878071569	360.938507638457	742.377504736804
2008.38541330857	333.33832209911	812.913875923102
2008.48204590145	396.655101077164	814.707230478637
2008.57867849433	484.876546351529	951.074313126869
2008.67531108721	395.548848260767	899.808113382203
2008.7719436801	393.093165277902	1004.84675931736
2008.86857627298	306.276971177076	832.416750441286
2008.96520886586	269.376080644997	750.092700856329
2009.06184145874	186.260172294818	552.547206050184
2009.15847405163	175.686594283961	478.847265234184
2009.25510664451	116.679799201584	330.538863725025
2009.35173923739	139.745091500066	366.705913226296
2009.44837183027	133.547570072458	369.421036484169
2009.54500442315	127.553658121277	372.374100583816
2009.64163701604	140.695672246819	430.264836606555
2009.73826960892	142.021286230801	454.449643190245
2009.8349022018	129.826773350909	495.488387079708
2009.93153479468	128.449808657616	570.247193989023
2010.02816738757	109.890019244663	620.295377167764
2010.12479998045	103.702103068879	577.514237485501
2010.22143257333	239.646268135927	627.269999703912
2010.31806516621	248.262228130532	654.626961423052
2010.4146977591	246.673664773904	690.238584658328
2010.51133035198	336.969541217099	787.808532319633
2010.60796294486	279.619149590837	750.561641143041
2010.70459553774	296.913563467873	779.371680331053
2010.80122813062	279.19493791082	807.790207223499
2010.89786072351	377.013379335796	875.007986435323
2010.99449331639	230.67269103941	915.9663712662
2011.09112590927	217.253696892403	956.353525382269
2011.18775850215	158.124900082908	857.506046988189
2011.28439109504	148.023893358696	851.836585459812
2011.38102368792	180.956921972851	886.593399947924
2011.4776562808	102.333456633146	881.123479882528
2011.57428887368	71.3340194616447	942.336693852324
2011.67092146656	32.9971605845889	1017.98438429965
2011.76755405945	34.1635704890974	994.249015172714
2011.86418665233	37.3134490592109	1212.58917396608
2011.96081924521	331.380143208598	1569.6574611905
2012.05745183809	1036.73624239595	2316.90542435756
2012.15408443098	830.744123922513	1562.86240042883
2012.25071702386	688.524491546843	1234.78009152398
2012.34734961674	761.789819440484	1388.42080504924
2012.44398220962	755.592509277525	1400.28823964219
2012.5406148025	735.077467034939	1417.33996889449
2012.63724739539	707.043421147878	1426.24500362944
2012.73387998827	762.245985328561	1469.90130696676
2012.83051258115	689.695699023656	1400.98668021639
2012.92714517403	482.39443322061	1235.20490559017
2013.02377776692	249.598471400102	874.580719906778
2013.1204103598	95.0840522580038	185.851272222247
2013.21704295268	58.6364608704477	89.127388346797
2013.31367554556	44.5680905055682	67.3960255297461
2013.41030813844	44.5817786950311	67.2883440884101
2013.50694073133	44.5992520136237	67.1439334947819
2013.60357332421	44.6226283797622	66.960730318125
2013.70020591709	44.655962281971	67.4946775137832
2013.79683850997	45.3944855794069	68.3596774735339
2013.89347110286	44.8028699602478	68.0691963326208
2013.99010369574	97.6817129810967	147.481996396635
2014.08673628862	89.9445732379779	148.532928343161
2014.1833688815	75.2024052600584	123.594667995119
2014.28000147438	58.7003626051235	104.681198279153
2014.37663406727	57.1007883440225	102.923015570676
2014.47326666015	54.3114530547031	100.156154997564
2014.56989925303	51.5191621898398	97.710739608172
2014.66653184591	47.7327994358046	93.2113423066775
2014.7631644388	43.082723034191	86.6379804392859
2014.85979703168	34.5476007052156	79.0768163736911
2014.95642962456	367.606861166559	1516.75549419328
2015.05306221744	269.608942381723	968.852180119207
2015.14969481033	196.830194357358	678.469226035594
2015.24632740321	159.158430895085	515.777551161849
2015.34295999609	159.633929819882	502.016617234411
2015.43959258897	164.21043316709	492.06347331239
2015.53622518185	159.078033948105	468.489465741134
2015.63285777474	144.929813779089	431.785235624945
2015.72949036762	137.360713275335	388.456747788249
2015.8261229605	123.812734058669	323.63777671826
2015.92275555338	51.9134019103441	187.129643733451
2016.01938814627	23.2042798191884	173.261260656515
2016.11602073915	13.156411601816	182.728401946753
2016.21265333203	530.353767929787	1552.30078555574
2016.30928592491	530.189001881334	1551.32829011445
2016.40591851779	530.021581284201	1550.29216726362
2016.50255111068	529.851502615119	1549.19236291944
2016.59918370356	529.678762189185	1548.02878821973
