time	distance
1997.32098142344	0
1997.41761401632	4.19622573243423
1997.51424660921	4.82411353906812
1997.61087920209	5.5762241034661
1997.70751179497	6.12981508558445
1997.80414438785	9.3127459467648
1997.90077698074	11.6383733282095
1997.99740957362	14.1613177714488
1998.0940421665	23.1566786347552
1998.19067475939	43.2450728289129
1998.28730735227	68.3578918538544
1998.38393994515	107.409708055916
1998.48057253803	136.479620474879
1998.57720513092	166.319151872729
1998.6738377238	196.791933533757
1998.77047031668	222.929156364809
1998.86710290956	245.589837870162
1998.96373550245	272.284598658947
1999.06036809533	302.391601687405
1999.15700068821	339.437981507761
1999.2536332811	379.017279032949
1999.35026587398	422.923300450371
1999.44689846686	469.542001411171
1999.54353105974	520.869592456791
1999.64016365263	571.007558489439
1999.73679624551	621.528383249927
1999.83342883839	672.822209191462
1999.93006143128	733.441906828546
2000.02669402416	810.020196480482
2000.12332661704	892.945790929775
2000.21995920992	983.959525702094
2000.31659180281	1070.94360107915
2000.41322439569	1168.2928897677
2000.50985698857	1290.17331191029
2000.60648958146	1431.81044439084
2000.70312217434	1572.52098678005
2000.79975476722	1722.4396647079
2000.8963873601	1874.97186029133
2000.99301995299	2045.30162001726
2001.08965254587	2161.10789239444
2001.18628513875	2261.0831387108
2001.28291773163	2322.47979725292
2001.37955032452	2398.8146530948
2001.4761829174	2513.19140998351
2001.57281551028	2682.20218363617
2001.66944810317	3024.26239420839
2001.76608069605	3042.00157721421
2001.86271328893	3184.53584062999
2001.95934588181	3481.31784937838
2002.0559784747	3481.31784937838
2002.15261106758	3481.31784937838
2002.24924366046	3481.31784937838
2002.34587625335	3481.77836835476
2002.44250884623	3487.55650639826
2002.53914143911	3518.87798781995
2002.63577403199	3575.36011125509
2002.73240662488	3643.93871478283
2002.82903921776	3766.42570962328
2002.92567181064	4053.0056198162
2003.02230440353	4385.16347354784
2003.11893699641	5388.9914647637
2003.21556958929	6606.97984159822
2003.31220218217	7855.7126538078
2003.40883477506	9142.43640023972
2003.50546736794	10389.1583701005
2003.60209996082	11540.5427609745
2003.6987325537	12541.2256914246
2003.79536514659	12541.2256914246
2003.89199773947	12541.2256914246
2003.98863033235	12541.2256914246
2004.08526292524	12541.2256914246
2004.18189551812	12541.2256914246
2004.278528111	12541.2256914246
2004.37516070388	12541.2256914246
2004.47179329677	12541.2256914246
2004.56842588965	12541.2256914246
2004.66505848253	12541.2256914246
2004.76169107542	12541.2256914246
2004.8583236683	12541.2256914246
2004.95495626118	12541.2256914246
2005.05158885406	12541.2256914246
2005.14822144695	12541.2256914246
2005.24485403983	12541.2256914246
2005.34148663271	12541.2256914246
2005.4381192256	12541.2256914246
2005.53475181848	12541.2256914246
2005.63138441136	12541.2256914246
2005.72801700424	12541.2256914246
2005.82464959713	12541.2256914246
2005.92128219001	12541.2256914246
2006.01791478289	12541.2256914246
2006.11454737577	12541.2256914246
2006.21117996866	12541.2256914246
2006.30781256154	12541.2256914246
2006.40444515442	12541.2256914246
2006.50107774731	12541.2256914246
2006.59771034019	12541.2256914246
2006.69434293307	12541.2256914246
2006.79097552595	12541.2256914246
2006.88760811884	12541.2256914246
2006.98424071172	12541.2256914246
2007.0808733046	12541.2256914246
2007.17750589749	12541.2256914246
2007.27413849037	12541.2256914246
2007.37077108325	12541.2256914246
2007.46740367613	12541.2256914246
2007.56403626902	12541.2256914246
2007.6606688619	12541.2256914246
2007.75730145478	12541.2256914246
2007.85393404767	12541.2256914246
2007.95056664055	12541.2256914246
2008.04719923343	12541.2256914246
2008.14383182631	12541.2256914246
2008.2404644192	12541.2256914246
2008.33709701208	12541.2256914246
2008.43372960496	12541.2256914246
2008.53036219784	12541.2256914246
2008.62699479073	12541.2256914246
2008.72362738361	12541.2256914246
2008.82025997649	12541.2256914246
2008.91689256938	12541.2256914246
2009.01352516226	12541.2256914246
2009.11015775514	12541.2256914246
2009.20679034802	12541.2256914246
2009.30342294091	12541.2256914246
2009.40005553379	12541.2256914246
2009.49668812667	12541.2256914246
2009.59332071956	12541.2256914246
2009.68995331244	12541.2256914246
2009.78658590532	12541.2256914246
2009.8832184982	12541.2256914246
2009.97985109109	12541.2256914246
2010.07648368397	12541.2256914246
2010.17311627685	12541.2256914246
2010.26974886974	12541.2256914246
2010.36638146262	12541.2256914246
2010.4630140555	12541.2256914246
2010.55964664838	12541.2256914246
2010.65627924127	12541.2256914246
2010.75291183415	12541.2256914246
2010.84954442703	12541.2256914246
2010.94617701991	12541.2256914246
2011.0428096128	12541.2256914246
2011.13944220568	12541.2256914246
2011.23607479856	12541.2256914246
2011.33270739145	12541.2256914246
2011.42933998433	12541.2256914246
2011.52597257721	12541.2256914246
2011.62260517009	12541.2256914246
2011.71923776298	12541.2256914246
2011.81587035586	12542.1137935267
2011.91250294874	12545.288522922
2012.00913554163	12553.061958856
2012.10576813451	12581.0901437946
2012.20240072739	12647.7182936505
2012.29903332027	12738.0850007035
2012.39566591316	12835.2446431691
2012.49229850604	12932.1753419373
2012.58893109892	12932.1753419373
2012.6855636918	12932.1753419373
2012.78219628469	12932.1753419373
2012.87882887757	12932.1753419373
2012.97546147045	12932.1753419373
2013.07209406334	12932.1753419373
2013.16872665622	12932.1753419373
2013.2653592491	12932.1753419373
2013.36199184198	12932.1753419373
2013.45862443487	12932.1753419373
2013.55525702775	12932.1753419373
2013.65188962063	12932.1753419373
2013.74852221352	12932.1753419373
2013.8451548064	12932.1753419373
2013.94178739928	12932.1753419373
2014.03841999216	12932.1753419373
2014.13505258505	12932.1753419373
2014.23168517793	12932.1753419373
2014.32831777081	12932.1753419373
2014.4249503637	12932.1753419373
2014.52158295658	12932.1753419373
2014.61821554946	12932.1753419373
2014.71484814234	12932.1753419373
2014.81148073523	12932.1753419373
2014.90811332811	12932.1753419373
2015.00474592099	12932.1753419373
2015.10137851388	12932.1753419373
2015.19801110676	12932.1753419373
2015.29464369964	12932.1753419373
2015.39127629252	12932.1753419373
2015.48790888541	12932.1753419373
2015.58454147829	12932.1753419373
2015.68117407117	12932.1753419373
2015.77780666405	12932.1753419373
2015.87443925694	12932.1753419373
2015.97107184982	12932.1753419373
2016.0677044427	12932.1753419373
2016.16433703559	12932.1753419373
2016.26096962847	12932.1753419373
2016.35760222135	12932.1753419373
2016.45423481423	12932.1753419373
2016.55086740712	12932.1753419373
2016.6475	12932.1753419373
