time	velocity	number_of_branches
1998.58999902645	307.464896525289	0
1998.68051281579	302.499478172797	0
1998.77102660513	288.479883450308	1
1998.86154039447	301.473885673527	4
1998.95205418381	306.271876226355	10
1999.04256797316	256.422448800118	16
1999.1330817625	238.947316234215	18
1999.22359555184	219.969325685691	20
1999.31410934118	200.54696030871	22
1999.40462313052	193.082107387361	24
1999.49513691986	180.116992088093	24
1999.5856507092	187.041831310943	24
1999.67616449854	192.256493332385	24
1999.76667828788	189.316591111046	26
1999.85719207723	194.83239025753	26
1999.94770586657	200.793443954728	22
2000.03821965591	220.68558182917	19.5
2000.12873344525	240.306266537842	17
2000.21924723459	247.70566185061	15
2000.30976102393	257.719644400397	16
2000.40027481327	278.522780685223	22
2000.49078860261	277.957424428633	26
2000.58130239195	305.586006815246	29
2000.6718161813	313.660376078047	35
2000.76232997064	316.71092511238	38
2000.85284375998	318.605079383955	39
2000.94335754932	314.26634117437	41
2001.03387133866	305.620571918268	43
2001.124385128	283.459986260452	48
2001.21489891734	291.24361229204	56
2001.30541270668	290.743440616629	88
2001.39592649602	307.348273639868	151
2001.48644028537	307.36833117606	167
2001.57695407471	303.645582042092	194.5
2001.66746786405	304.782342048186	255
2001.75798165339	297.740441218037	260
2001.84849544273	291.891554979981	263
2001.93900923207	288.394744703731	263
2002.02952302141	282.272903502714	262
2002.12003681075	281.408304335154	261
2002.21055060009	276.925103767676	255
2002.30106438944	285.167212201207	240
2002.39157817878	289.158910676765	197
2002.48209196812	292.49652933527	180
2002.57260575746	298.803967084189	191.5
2002.6631195468	331.255830041172	129
2002.75363333614	363.166882821907	121
2002.84414712548	373.046100781453	120.5
2002.93466091482	392.339380200911	118
2003.02517470416	404.871875373202	118
2003.11568849351	405.326353337225	118.5
2003.20620228285	397.490133053332	117.5
2003.29671607219	352.894769323428	152
2003.38722986153	349.594998695802	158
2003.47774365087	345.484212743313	142
2003.56825744021	453.893732022412	128
2003.65877122955	455.751061862846	122
2003.74928501889	446.479309807969	117
2003.83979880823	438.145846594299	117
2003.93031259758	414.34470816556	116
2004.02082638692	395.503671358202	115
2004.11134017626	408.862112186266	120
2004.2018539656	340.206351363057	133
2004.29236775494	315.797841769578	104
2004.38288154428	294.308886829546	81
2004.47339533362	251.110682365264	82
2004.56390912296	334.742682274751	76.5
2004.6544229123	327.170685651519	76.5
2004.74493670165	336.958400387578	79
2004.83545049099	330.183692542876	78
2004.92596428033	305.162392126056	80
2005.01647806967	275.682747082722	82
2005.10699185901	250.933110361083	78.5
2005.19750564835	205.831120394168	63
2005.28801943769	196.007158876513	50
2005.37853322703	178.339933119493	49
2005.46904701637	156.090540350209	44
2005.55956080572	134.525855373587	41.5
2005.65007459506	125.095381089639	54.5
2005.7405883844	123.967038936453	58
2005.83110217374	126.028815820038	64
2005.92161596308	132.54994078549	61
2006.01212975242	138.817830702119	59.5
2006.10264354176	140.398728372303	63
2006.1931573311	143.619490576307	59
2006.28367112044	143.122061828504	59.5
2006.37418490979	140.593546574321	62
2006.46469869913	151.302440286723	60
2006.55521248847	238.952313521248	61.5
2006.64572627781	240.491536688133	50
2006.73624006715	257.466984791766	50
2006.82675385649	265.805921514031	47
2006.91726764583	282.336834606206	47
2007.00778143517	302.435813130034	47
2007.09829522451	304.536460013823	43
2007.18880901386	236.440898090097	48.5
2007.2793228032	199.000272139465	46
2007.36983659254	201.851212348645	45
2007.46035038188	226.69177652618	44
2007.55086417122	326.61930639865	44
2007.64137796056	349.246207875986	43
2007.7318917499	377.804029692983	43
2007.82240553924	392.145628744581	44
2007.91291932858	391.766297071928	48
2008.00343311792	388.522935813522	51
2008.09394690727	361.990360041761	53
2008.18446069661	253.835471478022	49
2008.27497448595	219.941718830928	45.5
2008.36548827529	200.134242759186	48
2008.45600206463	171.539782433817	50
2008.54651585397	150.524276241515	49
2008.63702964331	156.781518017493	50
2008.72754343265	161.35951563768	49
2008.818057222	169.388773196718	47
2008.90857101134	175.327026915172	42
2008.99908480068	191.182885127199	39
2009.08959859002	186.975593523083	35
2009.18011237936	175.134467839082	29
2009.2706261687	169.505514835188	28.5
2009.36113995804	200.601638806304	26.5
2009.45165374738	198.39519047646	24
2009.54216753672	288.056767133382	22
2009.63268132606	292.394772558675	22
2009.72319511541	302.671983839653	22
2009.81370890475	311.877212991037	25
2009.90422269409	305.077355861661	27
2009.99473648343	311.896950744726	31
2010.08525027277	334.419298983115	37
2010.17576406211	247.034510028808	32
2010.26627785145	244.979430546829	35.5
2010.35679164079	263.434543032471	35
2010.44730543013	286.358307869734	40
2010.53781921948	345.052186491303	40
2010.62833300882	383.133850811551	41
2010.71884679816	424.150655748849	42.5
2010.8093605875	495.379521239149	43
2010.89987437684	569.418410181217	41
2010.99038816618	569.776098923657	40
2011.08090195552	645.260691167706	41.5
2011.17141574486	628.318322364608	46
2011.2619295342	636.33942362707	43
2011.35244332355	670.545883878089	41
2011.44295711289	757.001547854259	39
2011.53347090223	838.535371711551	38
2011.62398469157	783.679028027046	41
2011.71449848091	840.452126318127	41
2011.80501227025	898.708269514862	41
2011.89552605959	1001.75384080071	40
2011.98603984893	1106.11349986993	37
2012.07655363827	1130.26475758618	33.5
2012.16706742762	905.097396499713	29
2012.25758121696	642.931188350272	25
2012.3480950063	530.71672379834	22
2012.43860879564	71.3696101455991	21
2012.52912258498	60.5813406599426	18
2012.61963637432	60.3114175213378	15
2012.71015016366	64.0618635539695	12
2012.800663953	67.634512272453	12
2012.89117774234	80.2593105690007	9
2012.98169153169	302.361558493806	11.5
2013.07220532103	1597.87232802146	15
2013.16271911037	1151.09015735409	22
2013.25323289971	1232.92800022633	24
2013.34374668905	1305.72793606732	25
2013.43426047839	1307.28537772338	24
2013.52477426773	1301.85729498303	24
2013.61528805707	1299.79649467261	24
2013.70580184641	1291.25265052218	24
2013.79631563576	1275.42420253468	23
2013.8868294251	1246.79077932269	23
2013.97734321444	1200.95748655214	22
2014.06785700378	776.259394212027	18
2014.15837079312	199.355010107706	13
2014.24888458246	95.0516532226086	10
2014.3393983718	68.2149498271695	8
2014.42991216114	68.3391265851975	8
2014.52042595048	68.4994396594962	8
2014.61093973983	68.8932607148089	8
2014.70145352917	69.4094310339936	8
2014.79196731851	69.9938714197773	8
2014.88248110785	70.987844120909	8
2014.97299489719	73.4014546177062	8
2015.06350868653	128.968696133669	9
2015.15402247587	139.070557191662	5
2015.24453626521	97.5065284966658	3
2015.33505005455	96.4427708017988	3
2015.4255638439	94.8873415702855	3
2015.51607763324	92.8501685521844	3
2015.60659142258	90.1269672403633	3
2015.69710521192	86.8478781038275	3
2015.78761900126	80.2029516817099	3
2015.8781327906	67.5323589133932	3
2015.96864657994	37.859087616494	3
2016.05916036928	26.2778816994009	1
2016.14967415862	20.3952119330868	3
2016.24018794797	19.8801933941033	3
2016.33070173731	19.830823161597	2
2016.42121552665	19.8185159713376	2
2016.51172931599	19.8026589621533	2
2016.60224310533	19.7814481559968	2
