time	velocity	number_of_branches
1998.4168722201	471.527712507439	0.68
1998.50825381298	455.321006709052	0.76
1998.59963540586	670.959695906089	1.42
1998.69101699875	601.729954773685	2.58
1998.78239859163	775.532272259799	3.72
1998.87378018451	925.995792321228	7.08
1998.96516177739	948.099582668247	10.28
1999.05654337027	967.987588533796	13.17
1999.14792496315	931.252300318155	16.21
1999.23930655604	880.544819760087	18.09
1999.33068814892	890.149315576659	19.48
1999.4220697418	876.282053883373	20.24
1999.51345133468	861.693536021529	20.81
1999.60483292756	839.474907150229	20.85
1999.69621452044	806.673903592777	20.58
1999.78759611333	734.663982648402	20.85
1999.87897770621	607.847826790777	19.13
1999.97035929909	499.49337874931	17.17
2000.06174089197	437.665112072611	15.08
2000.15312248485	371.897811136274	13.31
2000.24450407773	345.77335252116	13.83
2000.33588567062	439.381036446875	16.53
2000.4272672635	504.81515713665	19.89
2000.51864885638	563.838647378333	23.97
2000.61003044926	640.440097280471	28.48
2000.70141204214	679.598815863415	32.98
2000.79279363502	701.522087759923	36.64
2000.88417522791	733.547224143717	39.65
2000.97555682079	752.638691692892	42.7
2001.06693841367	754.61635361201	45.09
2001.15832000655	775.274247377993	50.4
2001.24970159943	854.015964208063	57.04
2001.34108319232	1338.35884115541	111.92
2001.4324647852	1348.851958633	150.72
2001.52384637808	1286.62951735326	180.34
2001.61522797096	1299.60639700005	203.44
2001.70660956384	1254.67537353997	238.87
2001.79799115672	1226.90570979007	247.47
2001.88937274961	1224.33486296031	247.45
2001.98075434249	1225.43625402895	245.94
2002.07213593537	1227.86177049191	244.68
2002.16351752825	1225.01067512503	241.78
2002.25489912113	1217.9379963027	239.99
2002.34628071401	1049.32163192682	207.37
2002.4376623069	980.605212361587	184.2
2002.52904389978	971.31638040806	170.27
2002.62042549266	913.239990949888	159.98
2002.71180708554	868.645868178303	126.38
2002.80318867842	892.961363874658	118.34
2002.8945702713	907.84753773544	116.68
2002.98595186419	913.265061600305	116.36
2003.07733345707	918.838507506632	116.08
2003.16871504995	901.90606077792	119.46
2003.26009664283	833.53575807905	127.59
2003.35147823571	716.404196180254	160.66
2003.44285982859	679.795101062559	157.47
2003.53424142148	652.817805292422	142.57
2003.62562301436	625.227600336617	131.58
2003.71700460724	622.202331318856	126.15
2003.80838620012	623.446149484026	123.58
2003.899767793	624.16109280043	122.67
2003.99114938588	622.06756657096	122.83
2004.08253097877	622.573525653789	124.6
2004.17391257165	620.731707285537	123.24
2004.26529416453	610.620601217696	118.48
2004.35667575741	522.950683236837	80.58
2004.44805735029	507.106906095675	82.73
2004.53943894317	480.401796083566	86.72
2004.63082053606	333.44752172803	76.42
2004.72220212894	332.178005895295	76.52
2004.81358372182	330.686257171441	76.1
2004.9049653147	332.676408441795	76.32
2004.99634690758	324.820318671996	78.26
2005.08772850046	309.099660331675	79.01
2005.17911009335	268.362077002552	82.13
2005.27049168623	284.727151028422	71.06
2005.36187327911	297.276245209624	59.35
2005.45325487199	291.555494778438	52.85
2005.54463646487	289.699428377133	51.9
2005.63601805776	255.455135198613	55.54
2005.72739965064	263.127357677457	63.65
2005.81878124352	273.708326714554	68.66
2005.9101628364	279.926423782211	69.03
2006.00154442928	295.678243380664	66.43
2006.09292602216	336.40962535187	62.55
2006.18430761505	679.239164210225	57.94
2006.27568920793	637.968568009441	62.57
2006.36707080081	607.804302261504	62.74
2006.45845239369	597.331096847869	62.08
2006.54983398657	629.847579679492	60.21
2006.64121557945	748.739079791041	51.99
2006.73259717234	763.154856041362	47.56
2006.82397876522	751.56966603352	45.08
2006.9153603581	757.629469146794	44.34
2007.00674195098	722.817898419029	45.28
2007.09812354386	790.931694227975	42.81
2007.18950513674	197.178342528878	40.11
2007.28088672963	199.813370235651	32.79
2007.37226832251	215.141743626714	30.41
2007.46364991539	218.72472185851	29.99
2007.55503150827	239.346424069047	31.62
2007.64641310115	236.341803038742	33.02
2007.73779469403	247.022341495304	33.44
2007.82917628692	257.69110085243	36.67
2007.9205578798	309.567589127467	42.51
2008.01193947268	332.130646285045	47.18
2008.10332106556	374.387173679055	49.87
2008.19470265844	345.351734807522	47.52
2008.28608425132	349.567678234501	48.91
2008.37746584421	346.099134230455	51.73
2008.46884743709	334.751678726858	54.52
2008.56022902997	323.950395881483	54.51
2008.65161062285	313.213979458986	54.11
2008.74299221573	310.120103617592	53.42
2008.83437380861	309.614518326028	50.97
2008.9257554015	289.210513238681	47.34
2009.01713699438	279.48772806628	43
2009.10851858726	233.928945859514	38.72
2009.19990018014	209.479125553414	32.85
2009.29128177302	210.504028175256	27.43
2009.3826633659	186.207619128275	25.3
2009.47404495879	186.218778886002	22.21
2009.56542655167	184.232683781158	20.51
2009.65680814455	179.977961616954	20.14
2009.74818973743	196.137467008854	20.23
2009.83957133031	228.757423944193	22.15
2009.9309529232	211.607397753679	24.01
2010.02233451608	251.999599652465	27.65
2010.11371610896	267.242647457166	29.25
2010.20509770184	279.574104920734	30.37
2010.29647929472	314.305653006984	33.93
2010.3878608876	401.539404134073	36.34
2010.47924248049	430.502697761825	41.06
2010.57062407337	422.190826239124	43.67
2010.66200566625	425.401246993516	44.27
2010.75338725913	432.151569973144	45.19
2010.84476885201	410.21762926123	44.06
2010.93615044489	419.243133398768	43.51
2011.02753203778	410.031965844505	42.21
2011.11891363066	427.738935617017	44.91
2011.21029522354	529.426690094954	40.87
2011.30167681642	563.601331919284	37.3
2011.3930584093	581.129231425778	36.59
2011.48444000218	591.17783849396	34.46
2011.57582159507	554.156657847715	36.6
2011.66720318795	529.580493004924	41.08
2011.75858478083	505.550392717397	42.54
2011.84996637371	495.606103517556	44.48
2011.94134796659	492.996985245012	43.97
2012.03272955947	484.338090072586	43.19
2012.12411115236	478.817873800855	42.92
2012.21549274524	412.390441705224	41.05
2012.30687433812	389.945207886604	39.2
2012.398255931	319.999526830577	37.69
2012.48963752388	259.478607404013	35.26
2012.58101911676	246.303709483195	29.19
2012.67240070965	221.493621203984	23.4
2012.76378230253	217.930442152717	20.62
2012.85516389541	207.558558753665	17.69
2012.94654548829	210.792621628558	16.84
2013.03792708117	404.213770152043	17.2
2013.12930867405	593.056989986251	18.71
2013.22069026694	585.131094771855	24.21
2013.31207185982	563.226855878941	25
2013.4034534527	656.537467527242	24.27
2013.49483504558	669.666839794894	23.8
2013.58621663846	681.781795720929	23.3
2013.67759823134	690.810370430971	22.9
2013.76897982423	696.709219602463	22.66
2013.86036141711	704.128352345615	22.39
2013.95174300999	706.503848381195	22.33
2014.04312460287	590.07201735974	21.03
2014.13450619575	393.699250065987	16.03
2014.22588778863	257.944335364648	12
2014.31726938152	242.249378039654	13
2014.4086509744	87.3014907304939	13
2014.50003256728	87.3322042066222	13
2014.59141416016	87.3627786195144	13
2014.68279575304	87.3932144576145	13
2014.77417734593	87.4235122076865	13
2014.86555893881	87.4536723543455	13
2014.95694053169	87.4836953804973	13
2015.04832212457	87.5135817628789	13
2015.13970371745	82.2941300501578	11
2015.23108531033	50.790619516493	5
2015.32246690322	NA	0
2015.4138484961	NA	0
2015.50523008898	NA	0
2015.59661168186	NA	0
2015.68799327474	NA	0
2015.77937486762	NA	0
2015.87075646051	NA	0
2015.96213805339	NA	0
2016.05351964627	NA	0
2016.14490123915	NA	0
2016.23628283203	105.978747328609	1
2016.32766442491	105.948380317923	1
2016.4190460178	105.917971877273	1
2016.51042761068	105.887521964307	1
2016.60180920356	105.857030536578	1
