time	distance
1997.45684913006	0
1997.55280238441	0.514464731277187
1997.64875563876	0.989593713322621
1997.74470889311	1.07665174648677
1997.84066214746	2.03888039557844
1997.93661540181	3.84091891768598
1998.03256865616	8.56910231817314
1998.12852191051	16.0577279381805
1998.22447516486	34.8861925297312
1998.32042841921	74.1721947199046
1998.41638167356	106.943566443328
1998.51233492791	139.77710869697
1998.60828818226	163.540740352464
1998.70424143661	183.5580732465
1998.80019469096	204.005201673343
1998.89614794531	220.642081539948
1998.99210119966	238.233057405175
1999.088054454	250.11345269457
1999.18400770835	262.423499465552
1999.2799609627	275.314222398165
1999.37591421705	291.841482441606
1999.4718674714	307.914434202013
1999.56782072575	327.145678777448
1999.6637739801	345.723313070765
1999.75972723445	367.130189465427
1999.8556804888	398.587320726804
1999.95163374315	433.372626049628
2000.0475869975	466.04659335684
2000.14354025185	508.938918346343
2000.2394935062	553.77277959118
2000.33544676055	598.817500100356
2000.4314000149	653.030790137747
2000.52735326925	710.329843264103
2000.6233065236	783.385341245863
2000.71925977795	867.374214407404
2000.8152130323	977.047680741837
2000.91116628665	1172.72638062843
2001.007119541	1448.71257064347
2001.10307279535	1784.20512573576
2001.1990260497	2084.74957976726
2001.29497930405	2335.72738899563
2001.3909325584	2630.06179324972
2001.48688581275	2962.10058151993
2001.5828390671	3326.93919303631
2001.67879232145	3737.89485726357
2001.7747455758	3817.09156086299
2001.87069883015	3947.13122903002
2001.9666520845	4196.95191722267
2002.06260533885	4508.3482966721
2002.1585585932	4859.91559317943
2002.25451184755	5228.84357473257
2002.35046510189	5616.50307578776
2002.44641835624	6027.6980607742
2002.54237161059	6450.9227655467
2002.63832486494	6890.27402912877
2002.73427811929	7352.45565718616
2002.83023137364	7820.79278314308
2002.92618462799	8310.92789220429
2003.02213788234	8310.92789220429
2003.11809113669	8310.92789220429
2003.21404439104	8310.92789220429
2003.30999764539	8310.92789220429
2003.40595089974	8310.92789220429
2003.50190415409	8310.92789220429
2003.59785740844	8310.92789220429
2003.69381066279	8310.92789220429
2003.78976391714	8310.92789220429
2003.88571717149	8310.92789220429
2003.98167042584	8310.92789220429
2004.07762368019	8310.92789220429
2004.17357693454	8310.92789220429
2004.26953018889	8310.92789220429
2004.36548344324	8310.92789220429
2004.46143669759	8311.68132762654
2004.55738995194	8313.60376715392
2004.65334320629	8316.00755188473
2004.74929646064	8318.82814543405
2004.84524971499	8323.60097652586
2004.94120296934	8329.81915778928
2005.03715622369	8337.09246761892
2005.13310947804	8346.84340773988
2005.22906273239	8360.62445152702
2005.32501598674	8382.24009720305
2005.42096924109	8408.02272471013
2005.51692249543	8440.11678569279
2005.61287574978	8489.43941393405
2005.70882900413	8544.97032443121
2005.80478225848	8544.97032443121
2005.90073551283	8544.97032443121
2005.99668876718	8544.97032443121
2006.09264202153	8544.97032443121
2006.18859527588	8544.97032443121
2006.28454853023	8544.97032443121
2006.38050178458	8544.97032443121
2006.47645503893	8545.37712075336
2006.57240829328	8547.3724432
2006.66836154763	8547.3724432
2006.76431480198	8547.3724432
2006.86026805633	8547.3724432
2006.95622131068	8547.3724432
2007.05217456503	8550.40722000753
2007.14812781938	8555.28180390748
2007.24408107373	8563.46670798041
2007.34003432808	8574.40953061226
2007.43598758243	8586.57590922439
2007.53194083678	8602.29770556402
2007.62789409113	8602.29770556402
2007.72384734548	8602.29770556402
2007.81980059983	8602.29770556402
2007.91575385418	8602.29770556402
2008.01170710853	8602.29770556402
2008.10766036288	8602.29770556402
2008.20361361723	8602.29770556402
2008.29956687158	8602.29770556402
2008.39552012593	8602.29770556402
2008.49147338028	8602.29770556402
2008.58742663463	8602.29770556402
2008.68337988897	8602.29770556402
2008.77933314332	8602.29770556402
2008.87528639767	8602.29770556402
2008.97123965202	8602.29770556402
2009.06719290637	8602.29770556402
2009.16314616072	8602.29770556402
2009.25909941507	8602.29770556402
2009.35505266942	8602.29770556402
2009.45100592377	8602.29770556402
2009.54695917812	8602.29770556402
2009.64291243247	8602.29770556402
2009.73886568682	8602.29770556402
2009.83481894117	8602.29770556402
2009.93077219552	8602.29770556402
2010.02672544987	8602.29770556402
2010.12267870422	8602.29770556402
2010.21863195857	8602.29770556402
2010.31458521292	8602.29770556402
2010.41053846727	8602.29770556402
2010.50649172162	8602.29770556402
2010.60244497597	8605.28073972564
2010.69839823032	8611.3356604639
2010.79435148467	8640.92315092156
2010.89030473902	8706.25947955283
2010.98625799337	8810.90965483299
2011.08221124772	8961.67945819586
2011.17816450207	9188.92040703025
2011.27411775642	9478.06927424574
2011.37007101077	9829.04902183939
2011.46602426512	10243.9850224441
2011.56197751947	10743.7429597838
2011.65793077382	11340.8087156255
2011.75388402817	11983.431690159
2011.84983728251	12684.9211098455
2011.94579053686	13393.005424941
2012.04174379121	14085.4828551018
2012.13769704556	14751.9870442293
2012.23365029991	15382.9767966109
2012.32960355426	15965.1030664849
2012.42555680861	16479.5510417505
2012.52151006296	16479.5510417505
2012.61746331731	16479.5510417505
2012.71341657166	16479.5510417505
2012.80936982601	16479.5510417505
2012.90532308036	16479.5510417505
2013.00127633471	16479.5510417505
2013.09722958906	16479.5510417505
2013.19318284341	16479.5510417505
2013.28913609776	16479.5510417505
2013.38508935211	16479.5510417505
2013.48104260646	16479.5510417505
2013.57699586081	16479.5510417505
2013.67294911516	16479.5510417505
2013.76890236951	16479.5510417505
2013.86485562386	16479.5510417505
2013.96080887821	16479.5510417505
2014.05676213256	16479.5510417505
2014.15271538691	16479.5510417505
2014.24866864126	16479.5510417505
2014.34462189561	16479.5510417505
2014.44057514996	16479.5510417505
2014.53652840431	16479.5510417505
2014.63248165866	16479.5510417505
2014.72843491301	16479.5510417505
2014.82438816736	16479.5510417505
2014.92034142171	16479.5510417505
2015.01629467606	16479.5510417505
2015.1122479304	16479.5510417505
2015.20820118475	16479.5510417505
2015.3041544391	16479.5510417505
2015.40010769345	16479.5510417505
2015.4960609478	16479.5510417505
2015.59201420215	16479.5510417505
2015.6879674565	16479.5510417505
2015.78392071085	16479.5510417505
2015.8798739652	16479.5510417505
2015.97582721955	16479.5510417505
2016.0717804739	16479.5510417505
2016.16773372825	16479.5510417505
2016.2636869826	16479.5510417505
2016.35964023695	16479.5510417505
2016.4555934913	16479.5510417505
2016.55154674565	16479.5510417505
2016.6475	16479.5510417505
