time	distance
1997.45684913006	0
1997.55280238441	0.514464731277187
1997.64875563876	0.712531178544917
1997.74470889311	0.712531178544917
1997.84066214746	1.58766679561227
1997.93661540181	3.30257734094446
1998.03256865616	7.53591602566286
1998.12852191051	14.4085420924547
1998.22447516486	28.8711307215739
1998.32042841921	56.0450433465485
1998.41638167356	75.9153055276563
1998.51233492791	94.5711209401274
1998.60828818226	107.86304130817
1998.70424143661	117.229000290713
1998.80019469096	126.273422051474
1998.89614794531	135.750722444028
1998.99210119966	147.093453844692
1999.088054454	152.672099831485
1999.18400770835	158.100608617296
1999.2799609627	164.64528882463
1999.37591421705	173.156628482952
1999.4718674714	183.077603868976
1999.56782072575	194.963529538242
1999.6637739801	207.551294527316
1999.75972723445	220.048830120207
1999.8556804888	236.768539416602
1999.95163374315	258.062836470079
2000.0475869975	283.481352697718
2000.14354025185	308.732394606815
2000.2394935062	342.662246796579
2000.33544676055	377.533868522262
2000.4314000149	416.062827573201
2000.52735326925	464.530177341835
2000.6233065236	520.208513904532
2000.71925977795	581.349852097789
2000.8152130323	645.46775781691
2000.91116628665	763.141631559797
2001.007119541	939.485990875785
2001.10307279535	1171.36167861517
2001.1990260497	1408.02193962533
2001.29497930405	1629.32820398615
2001.3909325584	1899.69447578752
2001.48688581275	2236.42046538123
2001.5828390671	2637.53972093869
2001.67879232145	3083.86719894933
2001.7747455758	3118.87976572471
2001.87069883015	3241.72348781733
2001.9666520845	3529.75566202707
2002.06260533885	3865.63858555081
2002.1585585932	4240.27472258984
2002.25451184755	4633.95028154755
2002.35046510189	5037.94138717994
2002.44641835624	5460.18620932359
2002.54237161059	5894.51448352263
2002.63832486494	6339.2067968552
2002.73427811929	6802.93866700694
2002.83023137364	7270.01469247568
2002.92618462799	7736.72365232095
2003.02213788234	7736.72365232095
2003.11809113669	7736.72365232095
2003.21404439104	7736.72365232095
2003.30999764539	7736.72365232095
2003.40595089974	7736.72365232095
2003.50190415409	7736.72365232095
2003.59785740844	7736.72365232095
2003.69381066279	7736.72365232095
2003.78976391714	7736.72365232095
2003.88571717149	7736.72365232095
2003.98167042584	7736.72365232095
2004.07762368019	7736.72365232095
2004.17357693454	7736.72365232095
2004.26953018889	7736.72365232095
2004.36548344324	7736.72365232095
2004.46143669759	7736.72365232095
2004.55738995194	7736.72365232095
2004.65334320629	7736.72365232095
2004.74929646064	7736.72365232095
2004.84524971499	7736.72365232095
2004.94120296934	7736.72365232095
2005.03715622369	7736.72365232095
2005.13310947804	7736.72365232095
2005.22906273239	7736.72365232095
2005.32501598674	7736.72365232095
2005.42096924109	7736.72365232095
2005.51692249543	7736.72365232095
2005.61287574978	7736.72365232095
2005.70882900413	7736.72365232095
2005.80478225848	7736.72365232095
2005.90073551283	7736.72365232095
2005.99668876718	7736.72365232095
2006.09264202153	7736.72365232095
2006.18859527588	7736.72365232095
2006.28454853023	7736.72365232095
2006.38050178458	7736.72365232095
2006.47645503893	7736.72365232095
2006.57240829328	7736.72365232095
2006.66836154763	7736.72365232095
2006.76431480198	7736.72365232095
2006.86026805633	7736.72365232095
2006.95622131068	7736.72365232095
2007.05217456503	7736.72365232095
2007.14812781938	7736.72365232095
2007.24408107373	7736.72365232095
2007.34003432808	7736.72365232095
2007.43598758243	7736.72365232095
2007.53194083678	7736.72365232095
2007.62789409113	7736.72365232095
2007.72384734548	7736.72365232095
2007.81980059983	7736.72365232095
2007.91575385418	7736.72365232095
2008.01170710853	7736.72365232095
2008.10766036288	7736.72365232095
2008.20361361723	7736.72365232095
2008.29956687158	7736.72365232095
2008.39552012593	7736.72365232095
2008.49147338028	7736.72365232095
2008.58742663463	7736.72365232095
2008.68337988897	7736.72365232095
2008.77933314332	7736.72365232095
2008.87528639767	7736.72365232095
2008.97123965202	7736.72365232095
2009.06719290637	7736.72365232095
2009.16314616072	7736.72365232095
2009.25909941507	7736.72365232095
2009.35505266942	7736.72365232095
2009.45100592377	7736.72365232095
2009.54695917812	7736.72365232095
2009.64291243247	7736.72365232095
2009.73886568682	7736.72365232095
2009.83481894117	7736.72365232095
2009.93077219552	7736.72365232095
2010.02672544987	7736.72365232095
2010.12267870422	7736.72365232095
2010.21863195857	7736.72365232095
2010.31458521292	7736.72365232095
2010.41053846727	7736.72365232095
2010.50649172162	7736.72365232095
2010.60244497597	7738.4934321526
2010.69839823032	7747.43125143484
2010.79435148467	7757.66354924676
2010.89030473902	7798.20838315062
2010.98625799337	7873.06053548851
2011.08221124772	7976.63968857007
2011.17816450207	8189.53107071157
2011.27411775642	8467.47488338269
2011.37007101077	8812.20647815492
2011.46602426512	9201.03383668768
2011.56197751947	9668.9771993677
2011.65793077382	10229.8006662891
2011.75388402817	10856.2223791184
2011.84983728251	11551.0920470861
2011.94579053686	12247.5412389979
2012.04174379121	12922.8424917365
2012.13769704556	13569.502776392
2012.23365029991	14177.375833737
2012.32960355426	14732.5028810146
2012.42555680861	15215.7594372337
2012.52151006296	15215.7594372337
2012.61746331731	15215.7594372337
2012.71341657166	15215.7594372337
2012.80936982601	15215.7594372337
2012.90532308036	15215.7594372337
2013.00127633471	15215.7594372337
2013.09722958906	15215.7594372337
2013.19318284341	15215.7594372337
2013.28913609776	15215.7594372337
2013.38508935211	15215.7594372337
2013.48104260646	15215.7594372337
2013.57699586081	15215.7594372337
2013.67294911516	15215.7594372337
2013.76890236951	15215.7594372337
2013.86485562386	15215.7594372337
2013.96080887821	15215.7594372337
2014.05676213256	15215.7594372337
2014.15271538691	15215.7594372337
2014.24866864126	15215.7594372337
2014.34462189561	15215.7594372337
2014.44057514996	15215.7594372337
2014.53652840431	15215.7594372337
2014.63248165866	15215.7594372337
2014.72843491301	15215.7594372337
2014.82438816736	15215.7594372337
2014.92034142171	15215.7594372337
2015.01629467606	15215.7594372337
2015.1122479304	15215.7594372337
2015.20820118475	15215.7594372337
2015.3041544391	15215.7594372337
2015.40010769345	15215.7594372337
2015.4960609478	15215.7594372337
2015.59201420215	15215.7594372337
2015.6879674565	15215.7594372337
2015.78392071085	15215.7594372337
2015.8798739652	15215.7594372337
2015.97582721955	15215.7594372337
2016.0717804739	15215.7594372337
2016.16773372825	15215.7594372337
2016.2636869826	15215.7594372337
2016.35964023695	15215.7594372337
2016.4555934913	15215.7594372337
2016.55154674565	15215.7594372337
2016.6475	15215.7594372337
