time	velocity	number_of_branches
1998.41687222033	400.488120055073	0
1998.50825381321	246.664465202468	0
1998.59963540609	285.327419045264	0
1998.69101699897	343.317282444727	0
1998.78239859185	386.132067887148	0
1998.87378018473	455.238227845953	2
1998.96516177761	401.527831869003	8
1999.05654337049	321.643743999734	8
1999.14792496337	318.835569822297	10
1999.23930655626	297.134360137325	10
1999.33068814914	275.916385144791	10
1999.42206974202	267.665218982467	10
1999.5134513349	253.041031623787	10
1999.60483292778	238.700016393074	10
1999.69621452066	237.491257812472	12
1999.78759611354	227.972638072634	12
1999.87897770642	227.097072721935	12
1999.9703592993	225.703484979531	7.5
2000.06174089218	215.629701537164	7
2000.15312248506	226.538362084337	6
2000.24450407794	224.275354310761	4
2000.33588567082	221.681465670297	4
2000.4272672637	236.14354033259	7
2000.51864885658	234.190186651869	9.5
2000.61003044946	279.684253380213	15
2000.70141204234	319.206871618013	19
2000.79279363522	362.15550347515	20
2000.88417522811	398.911520291625	22
2000.97555682099	419.24640635877	22
2001.06693841387	439.406441241544	24
2001.15832000675	467.759588120854	27.5
2001.24970159963	509.707007484991	32
2001.34108319251	560.21577913325	60
2001.43246478539	616.307400871124	74
2001.52384637827	628.176437613549	79
2001.61522797115	645.268919046713	87
2001.70660956403	678.073734562798	91.5
2001.79799115691	703.792477096417	92
2001.88937274979	716.633159041357	92.5
2001.98075434267	736.507832316319	91
2002.07213593555	746.383072411513	91
2002.16351752843	761.807812848086	87
2002.25489912131	755.184105463262	87.5
2002.34628071419	847.649131163281	70
2002.43766230707	942.119014720784	57.5
2002.52904389996	1025.63189256569	59
2002.62042549284	1076.10299725435	53.5
2002.71180708572	1142.37476118927	42
2002.8031886786	1083.68484630504	41.5
2002.89457027148	1004.34694998364	41
2002.98595186436	921.346358676364	41
2003.07733345724	797.035910455942	41
2003.16871505012	660.128126296627	42
2003.260096643	489.424054200361	39
2003.35147823588	359.314159049195	41
2003.44285982876	348.942250074135	38
2003.53424142164	322.647908997665	31.5
2003.62562301452	479.598528449116	30
2003.7170046074	476.166769740547	27
2003.80838620028	458.714895980244	27
2003.89976779316	434.967132520692	27
2003.99114938604	402.877072855303	27
2004.08253097892	368.83685751707	27
2004.1739125718	304.048779686478	29
2004.26529416469	521.378122266691	24
2004.35667575757	584.822036354256	13
2004.44805735045	618.611170195172	13
2004.53943894333	532.427924354665	16
2004.63082053621	441.522184302622	17
2004.72220212909	397.412294184305	17
2004.81358372197	357.739868871249	17
2004.90496531485	327.368408710926	18
2004.99634690773	256.572911671567	20
2005.08772850061	226.443476056571	20
2005.17911009349	347.569122949365	22
2005.27049168637	318.12868452763	24
2005.36187327925	326.900998623652	21
2005.45325487213	316.17422952489	20
2005.54463646501	300.227008059617	22
2005.63601805789	268.34621733916	23
2005.72739965077	261.049358132766	25
2005.81878124365	261.648483222918	26
2005.91016283654	259.372162623829	26
2006.00154442942	269.038789236175	24
2006.0929260223	254.757941534486	23
2006.18430761518	254.709273982455	21
2006.27568920806	226.563900399388	22
2006.36707080094	225.488043977903	22
2006.45845239382	229.180124097958	20
2006.5498339867	239.275194495387	20
2006.64121557958	266.545256181034	15
2006.73259717246	270.421289090571	14
2006.82397876534	271.153866593607	14
2006.91536035822	252.758461039526	14
2007.0067419511	230.207748030403	14
2007.09812354398	202.137702685126	13
2007.18950513686	128.133972203361	14
2007.28088672974	118.542115425359	16
2007.37226832262	113.488786365795	16
2007.4636499155	115.625113916393	14
2007.55503150839	111.53074626181	14
2007.64641310127	112.070307614915	13
2007.73779469415	115.468014703266	13
2007.82917628703	112.07685016437	13
2007.92055787991	120.406672646732	15
2008.01193947279	123.129779628634	16
2008.10332106567	127.276722220604	18
2008.19470265855	128.009854574562	17
2008.28608425143	122.872631815136	15
2008.37746584431	122.305600619638	17
2008.46884743719	122.033299103419	18
2008.56022903007	118.838295159523	19
2008.65161062295	115.926453218224	18
2008.74299221583	112.933363460838	18
2008.83437380871	109.964963377913	16
2008.92575540159	108.728338819528	16
2009.01713699447	104.510334036631	15
2009.10851858735	100.935940046169	13
2009.19990018024	77.6598213812009	10
2009.29128177312	73.4003384789923	7
2009.382663366	74.2502992145864	6
2009.47404495888	64.9279676298264	3
2009.56542655176	63.6291086177963	3
2009.65680814464	63.8596588249883	3
2009.74818973752	67.4036056144183	3
2009.8395713304	89.4543120983543	3
2009.93095292328	95.3348871548441	4.5
2010.02233451616	118.873156422366	9
2010.11371610904	156.946740790108	9
2010.20509770192	136.138665094411	13
2010.2964792948	157.104521814229	13
2010.38786088768	182.669976088587	14
2010.47924248056	207.218428046679	16
2010.57062407344	230.405772282039	16
2010.66200566632	256.21958191963	16
2010.7533872592	296.505883538652	16
2010.84476885209	323.005759047155	16
2010.93615044497	360.705347778404	16
2011.02753203785	378.976547459542	15
2011.11891363073	357.817536288266	16
2011.21029522361	266.267494402167	12.5
2011.30167681649	232.731130214	12
2011.39305840937	169.967324654005	12
2011.48444000225	141.09532706044	11
2011.57582159513	113.792307965799	10
2011.66720318801	99.8027657097117	14
2011.75858478089	100.19904621955	14
2011.84996637377	100.952646696732	14
2011.94134796665	102.029654090333	14
2012.03272955953	106.310979015551	14
2012.12411115241	101.181509795204	12.5
2012.21549274529	90.5711937899509	10
2012.30687433817	83.8079899076125	10
2012.39825593105	74.4332125975402	10
2012.48963752394	66.5585953078309	7
2012.58101911682	68.0889220146578	6
2012.6724007097	61.9752863803856	5
2012.76378230258	63.1246528760201	5
2012.85516389546	59.1082262987519	2
2012.94654548834	55.3144661445942	2
2013.03792708122	56.4776132182786	2
2013.1293086741	106.173007147845	3
2013.22069026698	81.3823692546298	7
2013.31207185986	81.2400057190914	7
2013.40345345274	302.608071005606	8
2013.49483504562	308.490474129762	8
2013.5862166385	315.047621412886	8
2013.67759823138	324.52353632314	8
2013.76897982426	336.89776580229	8
2013.86036141714	358.012583134451	8
2013.95174301002	399.324932655974	8
2014.0431246029	500.432112671342	8
2014.13450619578	367.618783393009	6
2014.22588778867	138.59581573665	4
2014.31726938155	78.7963960088907	5
2014.40865097443	76.9818920932848	4
2014.50003256731	76.5349468927111	4
2014.59141416019	75.9430745885978	4
2014.68279575307	75.1276458475394	4
2014.77417734595	73.94055756281	4
2014.86555893883	72.218974314456	4
2014.95694053171	68.707215381339	4
2015.04832212459	61.9825442115542	4
2015.13970371747	37.2388174348138	3
2015.23108531035	38.6443304775393	1
2015.32246690323	NA	0
2015.41384849611	NA	0
2015.50523008899	NA	0
2015.59661168187	NA	0
2015.68799327475	NA	0
2015.77937486763	NA	0
2015.87075646052	NA	0
2015.9621380534	NA	0
2016.05351964628	NA	0
2016.14490123916	NA	0
2016.23628283204	104.147791715356	1
2016.32766442492	104.121951507262	1
2016.4190460178	104.09608129619	1
2016.51042761068	104.070181058737	1
2016.60180920356	104.04425077118	1
