time	95%HPD_lower_value	95%HPD_higher_value
2000.3928199686	114.785904340057	560.587046392327
2000.47429706149	111.658808240783	561.366678479554
2000.55577415438	108.997604905676	764.221833652956
2000.63725124727	52.8641161830533	554.326030012085
2000.71872834016	52.8684647627586	758.889842974507
2000.80020543305	52.8728037423359	1396.00470321581
2000.88168252594	51.19008924694	644.706994692198
2000.96315961883	49.2618947540637	498.821675637158
2001.04463671172	56.6564206558149	592.549906012497
2001.12611380461	54.6788265989633	447.722824816532
2001.2075908975	53.2653841583878	325.403827286912
2001.28906799039	52.2050121874128	335.502651788908
2001.37054508327	51.3802555210083	316.077062846087
2001.45202217616	50.7205563693565	282.611612601017
2001.53349926905	37.1985474597997	224.617651453454
2001.61497636194	46.3358089404567	216.449457580002
2001.69645345483	59.8245804679881	226.959935792922
2001.77793054772	53.2858705509183	210.131621639767
2001.85940764061	28.628224520324	191.268576345071
2001.9408847335	31.7531988402494	188.606823444917
2002.02236182639	47.2757117109472	220.745879078473
2002.10383891928	36.2126075022202	238.161463455237
2002.18531601217	46.2067107172439	250.096430948548
2002.26679310506	48.3618850914622	262.422467874542
2002.34827019795	50.4422140701627	222.062347178486
2002.42974729083	55.5707369687031	249.435981776233
2002.51122438372	57.202211508151	258.565273908903
2002.59270147661	60.9835751293971	267.78439240087
2002.6741785695	76.7361097749528	281.038678638915
2002.75565566239	99.077287543925	296.77292435387
2002.83713275528	101.043114860645	277.646584581647
2002.91860984817	89.4685005640806	266.231455032135
2003.00008694106	93.2443443581835	274.481429242061
2003.08156403395	103.047927460848	288.347916568914
2003.16304112684	92.1947374620367	290.961715973747
2003.24451821973	118.638902724011	306.681378678066
2003.32599531262	138.166228898681	310.205902723177
2003.4074724055	148.131172597487	310.640479568257
2003.48894949839	187.529486528525	327.290421975518
2003.57042659128	205.671091583331	357.977864840663
2003.65190368417	199.346534104354	351.271529379855
2003.73338077706	217.849650024488	354.297675804949
2003.81485786995	227.208168737445	344.605628184893
2003.89633496284	209.000435684238	336.121373931197
2003.97781205573	209.456756804563	328.611415919619
2004.05928914862	218.303550688486	336.586684415997
2004.14076624151	208.232825736755	336.631436457182
2004.2222433344	198.441846989111	319.419588825996
2004.30372042729	202.964755146273	327.838921617026
2004.38519752018	200.763570138109	352.51324702335
2004.46667461306	178.032162038796	340.771410475245
2004.54815170595	178.048155849599	342.901511484619
2004.62962879884	196.411564653012	373.894813439182
2004.71110589173	203.207546248109	368.97345810931
2004.79258298462	192.653852598783	369.264209019633
2004.87406007751	181.187076410464	352.697593917181
2004.9555371704	187.593647951134	375.137113490757
2005.03701426329	186.530545854858	370.387973569086
2005.11849135618	172.78481339839	372.187552041617
2005.19996844907	162.092008516912	318.983237595902
2005.28144554196	156.991150929525	310.395200481576
2005.36292263485	133.383447708015	313.300829445621
2005.44439972773	123.571800733373	319.952605720477
2005.52587682062	119.468616128721	343.89655030874
2005.60735391351	253.688135076603	458.196421363541
2005.6888310064	267.583677776096	521.148099872648
2005.77030809929	277.639172428058	532.037076792986
2005.85178519218	259.11498216097	472.723233406226
2005.93326228507	244.211845401299	522.757933786796
2006.01473937796	198.839922215194	568.107147626639
2006.09621647085	325.27333957089	740.228584041236
2006.17769356374	280.111856395	547.5184286671
2006.25917065663	251.307094493054	513.156988560907
2006.34064774952	206.895829015666	411.932597766048
2006.42212484241	209.993458441976	429.896404383251
2006.50360193529	195.836871926379	343.806770416744
2006.58507902818	195.580575184884	385.221855539464
2006.66655612107	190.625968757384	366.973003436406
2006.74803321396	172.077733300572	354.645377775383
2006.82951030685	157.992689002544	327.338354429628
2006.91098739974	131.205791508143	260.331220641529
2006.99246449263	121.874614655484	192.038337764118
2007.07394158552	100.001760956773	159.404457052297
2007.15541867841	87.499050714112	137.05019742659
2007.2368957713	82.192362105649	131.822702358871
2007.31837286419	76.5591234306188	126.532970826074
2007.39984995708	74.0043260082413	122.021288276731
2007.48132704996	68.5883418053978	120.192860152479
2007.56280414285	184.031837126305	394.326881790183
2007.64428123574	189.934357947411	420.045320729348
2007.72575832863	188.292211456521	453.648192060399
2007.80723542152	179.259325590824	475.036820702024
2007.88871251441	177.214908751148	435.296029919434
2007.9701896073	265.665447891575	526.754313255125
2008.05166670019	259.397041528172	532.76867654232
2008.13314379308	208.531495598433	416.555138027372
2008.21462088597	160.958785519681	284.551549965476
2008.29609797886	123.108773752751	211.735378877923
2008.37757507175	114.361473020521	200.232099071418
2008.45905216464	99.8351741683008	190.885209155141
2008.54052925752	88.5551162498741	187.537495702584
2008.62200635041	85.829691160992	184.748289605402
2008.7034834433	78.6816376242951	177.023543980615
2008.78496053619	77.0073275382725	174.570175024973
2008.86643762908	62.1154169304077	156.336722458413
2008.94791472197	42.5157639698342	141.418205954267
2009.02939181486	36.8145872525635	124.500267697564
2009.11086890775	15.175974585839	64.700639508146
2009.19234600064	17.4844660827722	64.7572864011849
2009.27382309353	17.9885343570661	61.9001671721673
2009.35530018642	17.9386111223745	62.7750256101959
2009.43677727931	21.6224980855492	73.438081472044
2009.5182543722	17.9966707423228	74.0152757957328
2009.59973146508	18.0383026251789	80.1068694214106
2009.68120855797	21.7142829592476	85.4654769576196
2009.76268565086	18.1724823709022	96.3346541741389
2009.84416274375	18.291132402086	111.251310121284
2009.92563983664	18.4915464584995	138.198825431756
2010.00711692953	47.4093476004274	204.705082703293
2010.08859402242	63.4965423699003	230.964257152377
2010.17007111531	169.924620131862	292.132158729402
2010.2515482082	142.887699479911	234.014900799407
2010.33302530109	133.084910046059	229.600125636182
2010.41450239398	123.554873059347	208.29381810076
2010.49597948687	120.616823744956	209.397053234832
2010.57745657975	120.629956991256	212.467733053193
2010.65893367264	115.279837342614	215.114490425885
2010.74041076553	107.423346318552	203.130696781942
2010.82188785842	98.8808333398263	216.189152858932
2010.90336495131	100.5443312272	239.442183279628
2010.9848420442	74.0689137152941	229.40110261101
2011.06631913709	63.5420121159973	244.826832877747
2011.14779622998	38.4356087908706	192.788575074717
2011.22927332287	26.9382565910006	212.160105497121
2011.31075041576	30.7678100797002	195.62384021571
2011.39222750865	18.7964455867696	177.479574095235
2011.47370460154	13.879481485998	194.936107083941
2011.55518169443	25.3148045200928	298.854947625029
2011.63665878731	21.4458277794363	405.622638234701
2011.7181358802	18.9823271532011	427.778011789798
2011.79961297309	14.4565188905214	343.305262683069
2011.88109006598	14.2108575670358	322.055345921277
2011.96256715887	14.0844974060678	254.036480110504
2012.04404425176	13.9406480894224	213.239328489152
2012.12552134465	13.7258258408835	212.811550711041
2012.20699843754	47.7178100112904	158.010283364633
2012.28847553043	56.9776810111712	172.6521743785
2012.36995262332	51.2326722700118	169.509270750688
2012.45142971621	53.1238107624199	168.404656687394
2012.5329068091	65.2116730870888	170.584095247382
2012.61438390198	67.9013882912603	181.797620235499
2012.69586099487	70.6823061600174	183.087753087568
2012.77733808776	54.1123893799023	182.600265752853
2012.85881518065	52.6775925979956	194.279239308304
2012.94029227354	50.8351568399757	197.845681047084
2013.02176936643	48.586963110258	205.931514710598
2013.10324645932	56.5662734074673	207.553965755298
2013.18472355221	58.1314416860361	175.830189341964
2013.2662006451	54.6995101258913	180.390169041959
2013.34767773799	50.4815101600181	184.193096668911
2013.42915483088	45.8926970564411	185.333749079757
2013.51063192377	41.0043627117428	174.12334079621
2013.59210901666	26.8875359783295	182.219757790844
2013.67358610954	24.5855536711403	177.567376333353
2013.75506320243	26.8085869696008	165.104502766622
2013.83654029532	27.9764920608117	156.018372069488
2013.91801738821	21.6146335979103	159.207079214482
2013.9994944811	19.1051779933624	237.82727040083
2014.08097157399	10.9782925760687	119.451975471612
2014.16244866688	47.3544329498053	162.057263221045
2014.24392575977	45.5668672981263	131.672167167834
2014.32540285266	51.6710935053632	142.328929162874
2014.40687994555	52.1597136571487	137.305695467665
2014.48835703844	48.7090239878673	140.121942545072
2014.56983413133	53.4397682751597	142.980517778437
2014.65131122421	53.3382671185732	142.630555280546
2014.7327883171	53.1932743874002	142.758167174351
2014.81426540999	52.97202347281	143.462432775734
2014.89574250288	52.5977803645946	144.59826081536
2014.97721959577	41.0078294525063	133.69867245708
2015.05869668866	90.1450357966892	256.869062519957
2015.14017378155	145.750328786542	236.613613367676
2015.22165087444	148.175539028953	240.825798393349
2015.30312796733	107.890459905708	177.350036407045
2015.38460506022	107.481839016777	176.614175183072
2015.46608215311	106.970737094965	175.6826791833
2015.547559246	109.239219676344	177.395411171978
2015.62903633889	108.355269247696	175.59985831431
2015.71051343177	107.122022344054	173.08609037599
2015.79199052466	105.293147346798	169.743816039612
2015.87346761755	99.5718866463363	163.255153554427
2015.95494471044	94.1134333570778	155.061839784267
2016.03642180333	79.9150403383491	140.644612568701
2016.11789889622	22.7773040182033	68.5912625929491
2016.19937598911	10.7179025345381	98.083709924863
2016.280853082	8.89414136943942	101.119641852698
2016.36233017489	8.88799343303288	101.196458146735
2016.44380726778	8.88038955800456	101.28634799419
2016.52528436067	8.87074888315324	101.394539935047
2016.60676145356	8.85813416535866	101.529470438867
