time	velocity	number_of_branches
1997.36929772006	202.877607445742	0
1997.46593031294	193.937017390864	0
1997.56256290582	218.947241801948	0
1997.65919549871	207.943479400723	0
1997.75582809159	212.621488800119	2
1997.85246068447	235.147956336751	9
1997.94909327735	239.123238591007	18
1998.04572587023	216.165320736937	23
1998.14235846312	195.491739819659	26
1998.238991056	176.671561650292	28
1998.33562364888	161.822168835129	30
1998.43225624176	154.013690445202	32
1998.52888883464	148.7902375191	32
1998.62552142753	144.055333351526	32
1998.72215402041	136.441596251075	34
1998.81878661329	133.672534358429	34
1998.91541920617	127.963326181232	29
1999.01205179905	128.629118753248	27
1999.10868439194	122.467235671881	22
1999.20531698482	158.544192480029	21
1999.3019495777	158.173846720646	24.5
1999.39858217058	165.67574187976	30
1999.49521476346	176.261055207694	35
1999.59184735634	175.320811291502	41.5
1999.68847994923	190.647673956098	47
1999.78511254211	202.71592180814	49
1999.88174513499	219.30499438596	49
1999.97837772787	240.180653633885	50.5
2000.07501032075	248.017332192791	58
2000.17164291364	276.428192154629	70.5
2000.26827550652	330.823703845825	99
2000.3649080994	412.155456266483	188
2000.46154069228	448.395606767178	224
2000.55817328516	464.356937104575	274
2000.65480587805	463.894793248595	362
2000.75143847093	441.847867034055	377.5
2000.84807106381	422.289147067057	385
2000.94470365669	409.635570303824	387
2001.04133624957	401.231795924359	387
2001.13796884246	394.037986886933	381
2001.23460143534	380.901141008429	368.5
2001.33123402822	372.980595972578	327
2001.4278666211	366.327980324851	297
2001.52449921398	382.213529590109	307
2001.62113180686	428.377926039426	223
2001.71776439975	477.308209276803	200.5
2001.81439699263	492.313835537894	195
2001.91102958551	489.8068236532	192.5
2002.00766217839	491.994929021934	194.5
2002.10429477127	466.429482809413	197.5
2002.20092736416	433.136013742675	215
2002.29755995704	456.990643657018	279
2002.39419254992	553.816424487194	268
2002.4908251428	699.127399887491	241
2002.58745773568	857.870925920546	222
2002.68409032857	880.950028188527	215
2002.78072292145	882.120628538419	212.5
2002.87735551433	869.84446676295	212.5
2002.97398810721	852.928728777824	211.5
2003.07062070009	841.666141457064	213
2003.16725329298	706.456362011169	210
2003.26388588586	635.014968803247	157
2003.36051847874	595.51958323027	126
2003.45715107162	371.347128585433	134.5
2003.5537836645	296.451993666718	120.5
2003.65041625738	285.316757499763	123
2003.74704885027	269.541279634015	125
2003.84368144315	258.840695772013	126.5
2003.94031403603	237.818648663191	128.5
2004.03694662891	211.58156257667	128.5
2004.13357922179	212.025331071843	116
2004.23021181468	190.515322722962	108
2004.32684440756	196.642476067506	92
2004.42347700044	190.788472458244	82
2004.52010959332	237.937558193763	78.5
2004.6167421862	232.251495614676	115
2004.71337477909	229.188520079094	128
2004.81000737197	229.337538662604	135.5
2004.90663996485	226.309753548075	136.5
2005.00327255773	213.874892176596	135.5
2005.09990515061	193.528218562587	128.5
2005.1965377435	192.543642231167	128
2005.29317033638	187.420341488891	124.5
2005.38980292926	190.114950726909	126.5
2005.48643552214	200.808032723801	126.5
2005.58306811502	195.620069783136	109
2005.6797007079	158.615113851164	92
2005.77633330079	149.866518802833	84
2005.87296589367	164.591213861483	83
2005.96959848655	175.946424867964	81
2006.06623107943	189.050338352138	75
2006.16286367231	307.069392084765	82
2006.2594962652	280.09352056175	72
2006.35612885808	289.82940149578	67
2006.45276145096	320.330861354178	67
2006.54939404384	389.560926837542	71
2006.64602663672	399.954617918358	70
2006.74265922961	427.840832895154	67
2006.83929182249	440.631669991103	74.5
2006.93592441537	411.417697145607	81
2007.03255700825	385.446745940094	89
2007.12918960113	286.753930191887	90
2007.22582219401	244.054686293782	78
2007.3224547869	235.848520114506	85
2007.41908737978	222.881295449275	90
2007.51571997266	194.097949799477	89
2007.61235256554	202.104801134021	89
2007.70898515842	209.516175443475	89
2007.80561775131	219.485997535064	86
2007.90225034419	228.290831266243	79
2007.99888293707	249.32085460376	69
2008.09551552995	225.793865975404	62
2008.19214812283	218.220137141792	47
2008.28878071572	225.062161092586	38
2008.3854133086	215.91784652469	30
2008.48204590148	192.408645635991	28
2008.57867849436	200.242537770276	25
2008.67531108724	195.06950216481	23
2008.77194368013	190.468363919638	27
2008.86857627301	178.561822541741	29
2008.96520886589	166.827960097621	41
2009.06184145877	156.568078839837	41
2009.15847405165	145.540944018415	41.5
2009.25510664453	128.294878158603	48
2009.35173923742	132.688768379806	54
2009.4483718303	140.577180524582	60.5
2009.54500442318	149.19381886529	66
2009.64163701606	154.903298209724	68
2009.73826960894	162.410747604444	68
2009.83490220183	170.038663966227	69
2009.93153479471	172.428985892413	68
2010.02816738759	176.359645083352	71
2010.12479998047	236.552062501953	77
2010.22143257335	221.294553518124	72
2010.31806516624	215.058634747872	73
2010.41469775912	216.905810303061	71
2010.511330352	216.253761935494	73
2010.60796294488	191.942366919806	85
2010.70459553776	189.663510386935	89
2010.80122813065	184.871630696161	91
2010.89786072353	187.687419723104	88
2010.99449331641	183.115707894759	85
2011.09112590929	179.690888439196	82.5
2011.18775850217	164.678930180657	76
2011.28439109505	154.2562114238	67.5
2011.38102368794	156.260912915461	65
2011.47765628082	153.467406668705	61
2011.5742888737	150.260649149572	47
2011.67092146658	132.44371275635	35
2011.76755405946	130.604335891787	27.5
2011.86418665235	143.705888679482	24
2011.96081924523	283.243019018542	27
2012.05745183811	313.40244480951	32
2012.15408443099	271.46501861631	36
2012.25071702387	227.612411244266	41
2012.34734961676	227.548970033608	39
2012.44398220964	226.973666600296	37
2012.54061480252	224.547993410256	36
2012.6372473954	220.839719302634	36
2012.73387998828	216.909839456215	36
2012.83051258117	205.549575465933	36
2012.92714517405	180.03328276865	34
2013.02377776693	110.60842387235	25
2013.12041035981	62.1183038494584	21
2013.21704295269	112.501116751549	15
2013.31367554557	105.976992122935	17
2013.41030813846	106.4327031523	17
2013.50694073134	107.027587762513	17
2013.60357332422	108.10206373486	17
2013.7002059171	109.782721943971	17
2013.79683850998	111.940467618295	17
2013.89347110287	116.291133667524	17
2013.99010369575	108.358857101898	19
2014.08673628863	86.0062130124268	14
2014.18336888151	61.7109700157967	11
2014.28000147439	49.7792251324454	6
2014.37663406728	49.467096521359	6
2014.47326666016	49.0526097836321	6
2014.56989925304	48.6302019810052	6
2014.66653184592	47.6141290559358	6
2014.7631644388	46.1794837132214	6
2014.85979703169	43.7822669042693	6
2014.95642962457	52.5703329085215	5
2015.05306221745	54.6177556043012	4
2015.14969481033	41.7320702316805	6
2015.24632740321	42.2716844667672	3
2015.34295999609	41.963119558165	3
2015.43959258898	41.5566447179216	3
2015.53622518186	41.1407062899229	3
2015.63285777474	40.3460855144831	3
2015.72949036762	39.0876068220155	3
2015.8261229605	37.146681470339	3
2015.92275555339	31.1014839994665	3
2016.01938814627	29.3288399537304	2
2016.11602073915	NA	0
2016.21265333203	160.589849384475	1
2016.30928592491	160.535424238188	1
2016.4059185178	160.480844885793	1
2016.50255111068	160.426111253509	1
2016.59918370356	160.371223267275	1
